0	0	1
2	1	3
4	1	5
1	1	6
7	1	8
9	1	10
11	2	12
13	3	14
15	2	16
17	4	18
19	1	20
16	3	21
22	1	23
24	5	25
26	5	27
28	4	29
30	2	31
32	5	33
34	5	35
36	6	37
38	5	39
40	3	41
42	1	43
44	7	45
46	5	47
48	3	49
50	2	51
52	1	53
54	4	29
55	2	56
57	1	58
59	4	60
36	8	37
61	4	29
62	1	58
63	2	64
65	4	29
66	5	67
68	5	69
70	1	71
72	5	73
34	5	74
75	1	76
77	5	1
78	5	79
80	1	81
82	3	83
16	3	84
85	0	25
86	1	87
88	5	79
34	5	89
90	7	29
91	9	92
93	4	29
94	5	39
95	1	96
97	5	22
26	5	98
99	4	11
100	2	101
64	2	63
102	10	103
104	5	22
105	2	16
106	3	107
108	5	109
110	2	111
112	0	113
114	0	115
116	0	117
118	9	119
120	1	121
122	5	123
124	8	125
16	3	126
127	1	121
16	3	128
129	9	130
131	11	132
133	5	22
134	5	135
26	5	136
137	7	138
139	5	47
14	3	13
140	11	141
142	1	143
144	9	145
106	3	146
106	3	147
148	3	149
150	1	151
32	5	152
153	10	154
155	1	156
157	0	158
159	2	160
16	3	161
162	5	163
164	5	165
166	5	167
168	2	16
169	5	22
170	1	151
32	5	171
172	12	173
174	1	175
16	3	176
177	0	178
179	2	180
58	0	181
182	0	183
184	5	125
185	5	186
102	10	187
188	5	189
118	1	58
190	2	191
16	3	192
193	5	79
133	5	194
174	1	195
108	5	196
197	1	198
199	3	200
201	5	39
202	1	58
203	1	204
205	5	79
206	5	39
207	8	208
209	3	210
34	5	196
211	5	212
213	12	173
214	2	16
215	1	30
16	3	216
217	1	58
218	5	125
24	5	219
220	1	221
222	5	39
223	1	224
225	4	29
226	1	227
228	9	229
230	2	231
232	4	228
233	5	189
26	5	234
235	2	236
237	4	29
26	5	238
239	5	79
240	5	241
242	0	117
16	3	243
115	1	114
244	4	173
245	5	79
246	5	247
80	1	248
16	3	249
250	2	111
251	2	252
253	7	159
1	1	254
255	3	256
257	2	100
133	5	258
259	1	260
261	9	262
263	4	241
58	0	264
133	5	265
266	1	58
267	7	241
268	1	269
190	2	270
271	1	272
16	3	273
134	5	274
106	3	275
276	1	182
277	4	29
278	5	279
280	2	281
282	2	283
284	1	285
286	5	287
288	8	289
290	3	291
292	5	293
294	1	295
296	1	58
297	0	298
159	1	299
21	4	29
12	13	55
300	2	301
302	2	303
304	3	253
305	1	306
133	5	307
308	4	29
309	0	232
310	2	311
100	7	312
16	3	313
314	1	315
316	2	228
317	2	202
318	2	16
319	2	320
21	1	321
322	5	39
323	7	324
249	4	29
325	5	127
326	5	327
133	5	328
329	2	330
34	5	331
332	1	333
334	0	335
165	4	29
336	1	337
111	8	338
68	5	339
340	1	341
342	2	343
344	1	58
345	13	131
0	0	346
347	4	312
348	2	51
349	5	155
350	1	351
16	3	352
353	5	354
108	5	331
133	5	355
356	1	357
358	5	59
359	2	16
360	7	45
208	1	361
362	4	363
364	0	365
366	2	111
367	5	368
369	1	58
370	0	319
371	3	372
373	4	29
374	5	79
375	1	58
376	1	58
133	5	377
378	0	155
379	5	380
381	5	382
383	2	50
200	5	199
384	13	385
31	3	386
387	5	388
389	4	29
390	1	198
391	4	60
346	4	60
392	2	29
174	1	361
393	2	394
395	1	396
397	5	39
190	2	257
29	3	398
399	1	400
401	9	58
16	3	402
403	1	404
405	4	290
406	1	407
408	5	189
16	3	409
410	4	29
32	5	411
16	3	412
194	2	413
414	1	58
415	5	22
416	1	417
418	5	228
419	2	420
4	1	378
251	2	421
422	2	16
423	5	79
16	3	424
51	3	425
426	5	60
181	1	58
427	4	290
106	3	428
429	5	29
430	0	431
432	1	157
433	0	434
435	4	290
436	4	209
50	2	437
438	1	439
90	1	440
290	3	441
58	0	442
24	5	443
444	2	228
445	2	16
106	3	446
209	3	447
259	1	448
449	5	167
450	1	58
319	2	451
452	5	79
16	3	453
454	4	29
147	12	173
455	6	125
456	4	29
457	11	458
459	1	460
461	4	462
463	0	63
464	12	173
465	2	190
466	1	467
468	1	58
469	0	470
471	4	29
58	0	472
215	1	386
473	3	474
421	7	475
145	13	144
476	1	477
209	3	478
58	0	479
480	12	173
481	5	482
483	0	484
485	4	486
487	5	79
58	0	488
489	0	125
490	4	290
157	0	47
106	3	491
492	0	174
225	1	493
106	3	494
495	4	496
497	4	173
473	3	498
51	3	499
500	5	63
501	0	25
2	1	502
16	3	359
473	3	503
504	1	505
506	1	507
102	10	508
16	3	509
51	3	510
511	5	512
513	7	209
514	2	515
516	7	290
517	5	167
225	1	518
486	3	519
520	5	521
522	4	29
348	1	523
16	3	524
525	7	485
58	0	526
527	0	158
528	7	529
530	1	151
531	9	532
354	5	186
91	11	533
58	0	534
535	1	536
537	1	23
538	2	539
540	5	293
541	7	45
542	0	543
544	2	545
58	0	546
547	5	434
319	2	370
548	9	229
549	0	550
551	5	189
552	4	60
51	3	345
553	4	29
554	0	314
90	1	555
556	0	557
276	1	558
559	2	16
560	5	561
562	1	563
564	2	190
565	5	566
496	9	567
568	7	29
525	7	209
569	12	173
16	3	570
42	4	29
571	9	229
225	9	518
106	3	572
87	0	573
202	2	110
58	0	362
574	11	575
576	2	16
577	7	45
578	5	79
579	5	580
106	3	581
582	4	29
437	0	335
47	1	583
584	2	202
585	5	482
586	2	16
587	4	29
24	5	588
348	1	589
438	4	29
23	0	226
403	1	590
591	7	63
362	4	592
593	2	16
496	11	594
595	0	596
597	4	29
106	3	598
413	0	599
111	7	475
600	1	601
344	4	485
602	11	603
604	3	266
42	1	605
108	5	606
607	0	608
430	0	609
133	5	610
611	2	312
612	2	613
614	4	60
430	0	615
616	1	58
209	3	617
618	5	619
620	6	621
622	5	623
624	0	158
625	12	173
539	2	626
627	5	512
628	4	629
630	5	39
631	1	632
633	3	634
290	3	635
16	3	277
636	5	189
637	1	58
50	2	638
228	2	444
639	9	640
199	2	413
641	5	39
273	4	29
642	5	482
543	1	542
51	3	643
355	3	644
16	3	456
645	12	173
646	4	290
647	4	648
649	2	650
651	7	138
24	5	652
311	13	653
647	11	654
50	3	655
50	2	656
657	0	658
68	5	382
90	1	659
660	4	60
190	2	661
662	3	179
362	4	663
664	5	189
16	5	29
226	1	23
290	3	665
666	7	228
667	4	290
668	13	154
669	4	599
670	1	260
671	0	319
366	3	326
672	5	79
16	3	673
674	1	675
662	3	676
677	2	16
678	1	679
680	5	22
16	3	454
436	7	681
34	5	682
90	1	683
106	3	684
685	4	629
686	1	58
34	5	687
688	5	67
689	5	561
690	5	482
300	2	691
692	2	16
693	12	173
694	4	29
362	4	695
678	2	696
697	0	698
699	4	700
51	3	701
697	0	557
702	12	173
703	2	190
228	2	704
355	9	705
430	5	706
34	5	707
479	3	519
708	1	709
710	5	225
26	5	79
251	2	711
712	5	713
22	1	714
715	4	29
716	5	482
34	5	717
718	1	114
719	1	720
68	5	721
670	4	29
722	1	723
724	1	58
662	3	725
106	3	726
16	3	727
209	3	728
106	3	729
730	0	1
731	2	257
732	1	733
734	7	663
444	3	228
735	5	736
672	5	737
738	5	482
16	3	739
740	5	741
742	1	743
744	5	745
746	5	25
747	5	189
748	0	749
750	2	16
751	1	752
753	7	45
736	5	167
754	5	755
756	5	757
758	2	759
760	1	58
335	2	761
762	5	167
756	5	339
2	1	763
290	3	764
158	1	624
765	1	58
766	5	79
767	5	768
769	13	770
186	1	771
16	3	61
772	2	16
773	5	39
354	1	774
775	5	79
34	5	382
390	1	776
90	1	777
778	4	29
47	1	527
779	5	482
19	9	229
610	9	229
125	4	60
460	0	780
539	3	487
781	5	482
366	2	100
782	5	155
783	4	29
784	4	310
82	5	785
786	1	460
787	4	60
699	1	788
789	1	58
790	4	235
791	8	792
793	0	608
252	2	251
794	2	16
106	3	795
796	1	797
798	5	482
799	2	681
16	3	318
379	5	800
801	0	294
215	4	29
161	4	29
802	5	79
803	4	29
106	3	625
804	9	229
805	11	575
125	1	806
807	11	575
808	2	335
361	0	208
545	2	544
809	1	810
525	2	539
700	4	699
811	5	812
813	1	814
815	2	16
34	5	816
599	10	199
817	1	730
818	5	39
819	0	342
817	1	0
820	2	821
268	11	458
16	3	822
202	2	823
557	1	697
824	1	825
133	5	826
59	1	827
828	5	829
830	5	831
16	3	832
833	11	458
834	2	16
835	1	58
836	1	837
539	3	838
106	3	839
47	1	840
841	2	16
174	1	460
660	4	29
471	1	842
843	0	470
193	7	312
253	7	125
29	3	844
845	2	16
846	5	482
847	5	79
848	5	849
850	3	851
852	3	853
51	3	854
16	3	855
133	5	856
857	8	125
858	1	859
860	5	482
228	2	861
138	3	862
26	5	863
182	0	537
34	5	864
108	5	865
866	7	312
202	2	312
867	9	229
868	5	90
111	2	257
208	1	869
434	1	870
871	5	79
872	4	19
138	4	873
300	2	874
875	2	50
815	4	29
26	5	713
876	9	877
878	1	58
745	4	29
51	0	879
880	5	79
881	3	882
90	9	229
883	5	884
885	8	886
887	3	888
889	1	890
891	1	58
892	11	141
16	3	893
51	3	881
894	1	895
178	4	29
602	9	896
897	4	29
50	3	383
898	0	899
102	10	900
870	0	669
470	1	901
672	5	902
828	5	903
904	1	58
16	3	471
905	2	202
906	7	228
907	5	79
106	3	288
908	2	909
133	5	910
290	3	911
355	1	912
16	3	913
914	9	229
915	5	482
916	0	917
918	4	29
747	5	225
919	5	920
322	12	173
921	13	922
923	4	924
925	2	926
355	9	229
290	3	927
151	0	150
928	1	929
47	1	930
26	5	931
932	5	39
29	3	933
298	1	934
935	1	417
936	8	125
26	5	937
319	3	938
939	2	940
228	1	869
941	5	39
942	1	943
944	2	251
945	4	29
946	5	531
947	1	948
110	2	202
799	7	949
950	5	155
951	5	125
952	5	39
26	5	953
348	3	954
955	5	67
956	1	912
957	2	958
791	6	792
959	5	831
225	9	493
960	1	961
962	5	355
963	7	123
964	1	965
966	0	967
968	13	385
969	1	970
971	2	106
108	5	972
190	2	973
562	4	29
974	5	63
975	6	125
106	3	976
58	0	376
977	5	482
978	11	458
979	5	980
138	3	981
68	5	982
290	3	983
984	5	79
933	5	29
985	1	986
788	0	699
987	3	988
989	5	914
990	5	293
969	1	991
992	5	189
993	5	994
125	5	368
108	5	79
477	0	995
473	3	996
997	5	22
51	0	998
999	0	1000
1001	7	63
51	3	199
29	3	1002
1003	1	58
55	10	1004
1005	4	60
1006	5	457
1007	0	63
1008	1	1009
1010	11	458
1011	7	1012
1013	1	1014
379	5	1015
1016	10	99
1017	5	380
1018	2	202
106	3	1019
1020	0	573
299	3	1021
844	2	16
51	3	1022
421	2	251
26	5	1023
106	3	971
178	1	1024
111	2	101
290	3	1025
1026	1	58
371	2	50
917	1	916
228	3	1027
791	11	141
63	3	1028
1029	1	1030
1031	5	39
1032	5	79
106	3	1033
155	1	1034
1035	5	186
21	2	16
102	10	1036
1037	5	849
711	2	251
4	1	1038
133	5	1039
174	5	22
1040	12	173
106	2	1041
290	3	1042
1043	5	73
34	5	1044
1045	7	876
149	2	148
1012	11	458
1046	2	601
1047	12	173
525	7	363
1048	5	79
367	5	19
68	5	331
1049	1	58
1050	3	1051
290	1	58
1052	5	482
1053	4	29
1054	0	805
538	5	247
604	3	1055
209	3	1056
1057	5	482
26	5	1058
509	2	16
1059	3	1060
253	7	193
34	5	606
1061	2	16
24	5	1062
576	4	29
106	3	1063
150	1	869
446	12	173
1064	0	385
1065	5	1066
1067	11	1068
29	3	1069
1070	12	173
241	3	1071
1072	1	1073
106	3	1074
604	9	229
163	5	482
1049	11	1075
448	0	1076
751	1	1077
1078	5	1079
1080	7	29
51	13	1081
58	0	765
16	3	897
1082	1	1083
1084	5	63
1085	5	235
199	6	1086
1087	2	16
1088	2	190
108	5	902
220	1	1089
125	5	1090
352	5	29
314	1	1091
732	1	1092
618	5	1093
660	1	1094
1095	4	29
432	1	527
139	7	47
1096	4	290
268	4	29
348	3	326
1097	5	580
1098	5	79
520	0	548
366	7	312
1099	5	274
51	0	604
1100	4	1101
58	0	1102
1103	2	190
1104	2	1105
1106	5	79
644	5	25
51	2	50
436	5	1107
607	0	298
434	4	60
133	5	1108
202	2	317
669	4	1109
1110	5	79
335	2	1111
837	0	836
133	5	1112
1113	1	58
1114	0	1115
300	7	241
732	1	1116
16	3	237
1117	4	60
436	5	1118
16	3	1119
329	1	1120
1121	5	59
909	2	823
942	5	186
1122	2	50
473	8	125
1123	1	1124
662	3	1125
745	1	1126
739	4	29
784	4	1127
190	2	1128
1129	11	132
1130	5	745
434	1	1131
16	3	1132
1081	3	1133
1134	5	59
1135	5	79
1136	4	29
957	0	573
155	3	1038
1137	1	1138
16	3	1139
550	10	1140
413	0	1141
1142	6	792
32	5	915
106	3	1143
1144	1	58
1145	1	1083
1146	2	106
526	1	58
1147	1	1148
1149	7	228
966	0	1150
1151	5	73
1152	1	58
430	0	1153
567	13	496
1154	0	178
34	5	1155
159	3	1156
841	4	29
34	5	1157
434	4	29
106	3	1158
1159	4	60
1160	1	58
1161	5	355
1162	4	29
16	3	1163
640	13	639
1164	1	1165
1166	4	173
1167	5	241
1168	5	39
1169	0	1170
608	1	23
1171	7	475
253	2	348
595	0	276
235	3	653
1172	4	29
133	5	1173
1174	3	621
525	7	290
25	4	29
550	10	1175
436	5	1176
1177	5	1178
1179	4	1180
16	3	1181
1182	2	1183
1013	9	1184
1185	11	1186
319	4	496
573	1	957
1187	8	125
1188	0	19
240	7	241
209	3	1189
1190	0	197
1191	9	1192
1193	3	1194
16	3	1195
1196	2	16
1197	2	16
820	2	1198
437	3	1199
1200	5	73
251	2	1201
1111	0	1202
648	6	1203
16	3	1204
319	3	1205
106	3	1206
599	10	1207
660	1	1208
1209	1	1210
867	1	1092
101	2	100
1011	2	50
209	3	1211
662	3	1212
237	2	16
1213	5	155
695	1	743
1214	0	63
1059	8	753
32	5	1215
1216	4	29
1217	1	87
16	3	1218
1219	5	220
858	4	29
1220	10	1221
288	5	39
190	7	475
1132	4	29
642	5	79
701	5	1142
1222	5	287
1223	5	39
16	3	1224
973	2	111
1225	0	1226
63	2	1001
712	5	721
457	1	1227
47	1	963
1228	5	482
876	1	58
1031	12	173
1229	2	190
1230	4	228
494	5	39
19	1	1231
1232	9	229
1233	4	173
962	5	42
1234	5	22
34	5	1235
138	1	1236
1237	7	319
1238	4	173
1239	4	29
215	1	1240
1241	0	1242
585	5	79
340	1	1243
29	3	1244
1245	2	16
562	1	1083
535	9	1246
1247	5	1248
1249	5	39
673	4	29
797	0	391
1250	1	1251
108	5	1252
1253	11	575
1254	4	29
345	3	1255
1256	1	58
362	4	1257
34	5	1258
305	1	1259
133	5	1260
1261	5	1262
1263	12	173
106	3	1264
1265	1	797
1182	11	1266
106	3	1267
106	3	1268
319	2	1269
1129	8	37
741	1	1270
1271	1	58
1272	5	42
19	2	1273
1274	6	1275
319	3	1276
16	3	1277
24	5	379
1037	5	858
63	3	1278
1279	1	58
14	0	124
16	3	1280
1281	4	29
1282	0	1283
16	3	1284
190	2	909
1285	5	39
16	3	587
198	0	47
1286	4	173
1287	5	39
1288	5	380
106	3	1289
108	5	1290
106	3	213
59	1	1291
418	3	228
25	2	82
1292	2	1293
1294	4	29
1295	5	902
106	3	1263
1296	5	1297
873	1	957
1298	5	186
106	3	702
1299	2	1300
432	9	1301
475	1	1302
117	1	1169
599	10	1303
102	10	1304
1305	0	150
436	5	606
653	10	1306
1307	5	189
823	2	544
618	5	163
1251	0	1076
1308	0	166
16	3	1309
58	0	1310
1311	12	173
103	11	1312
943	0	7
1313	5	33
499	5	1314
989	5	90
530	1	948
1087	4	29
1315	5	73
1316	1	1317
106	3	1318
1319	2	1320
752	0	751
90	1	1321
1322	5	755
2	1	1323
698	1	556
198	0	86
1324	4	29
1046	3	601
68	5	1325
23	0	537
253	7	312
450	4	290
1326	4	138
719	1	1327
1328	5	482
1329	4	173
1330	5	482
16	3	1331
631	2	1332
1333	1	1334
1335	5	60
586	4	29
1336	5	79
1337	5	79
320	0	319
16	3	1162
25	1	85
648	9	1338
1339	5	39
330	3	1340
1341	7	475
1342	12	173
209	3	798
1343	1	1344
1345	5	79
1346	3	326
938	2	319
1347	1	221
1348	1	810
1012	1	58
942	1	1092
1349	3	1350
704	7	228
1351	5	39
1264	5	39
202	7	475
64	7	63
1352	1	1251
16	3	803
1353	2	554
16	3	1354
1355	0	1013
90	11	458
786	4	60
397	4	173
1356	5	186
1309	4	29
108	5	1357
1358	3	519
911	5	482
430	5	1359
1360	0	879
58	0	876
1358	8	792
678	1	1361
1362	5	228
1363	5	1364
29	3	1365
1366	2	16
1367	5	561
1368	1	1369
770	6	125
1148	2	1370
701	3	1292
1371	5	1372
1373	1	58
1374	5	831
726	5	39
155	1	601
1375	2	16
1376	6	1203
662	3	1377
1331	4	29
51	3	1378
335	2	1379
16	3	1380
1381	2	251
89	5	234
1382	3	1081
1216	2	16
1383	11	458
65	4	60
658	2	1179
1384	1	58
1385	7	45
1386	1	1387
1146	5	39
283	3	743
756	5	1388
127	1	1030
1389	4	29
14	0	770
1390	2	251
16	3	783
1242	1	1391
662	3	1392
1393	5	189
724	7	45
772	4	29
220	1	1394
68	5	717
1196	4	29
554	2	1353
1395	5	482
1396	2	16
56	7	11
1318	5	39
1397	0	817
374	1	58
50	2	383
12	0	1398
1399	1	1400
934	0	298
108	5	713
1401	2	1402
748	0	967
319	3	1403
498	6	125
1404	8	1405
1406	5	79
58	0	1407
712	5	1408
36	9	1409
316	5	228
719	1	242
102	10	1410
1411	5	25
84	2	16
1412	1	121
106	3	1413
251	2	1414
174	1	601
80	1	1415
178	1	1154
1221	3	1416
1296	5	274
998	5	79
906	5	228
1417	2	253
1418	2	16
235	2	345
1419	1	58
16	3	576
125	9	1240
1420	3	1421
51	0	56
1422	1	1423
1424	5	1425
320	5	41
1426	0	741
861	2	228
62	3	1427
1428	1	890
1429	5	79
960	9	961
395	1	285
1430	0	335
106	3	1431
1432	5	39
197	1	1190
32	5	1433
942	1	8
1079	3	1434
209	3	1435
548	1	1436
16	3	1437
535	1	1438
300	2	1439
1440	0	1441
16	3	28
1442	1	1443
701	3	954
1444	5	90
51	3	1445
441	5	79
82	2	51
1446	1	1447
1448	5	79
1449	5	79
942	1	1450
1295	5	247
290	3	1451
1452	5	566
1369	0	1368
16	3	1453
220	1	430
1454	1	1455
47	1	502
47	1	1456
1457	5	512
791	10	1458
1005	9	1459
1460	5	745
1461	5	25
190	2	1370
1462	2	51
1463	5	225
253	2	1464
1465	5	745
99	4	1016
1233	5	39
793	0	226
1466	5	225
1467	2	16
804	1	1468
58	0	217
1469	4	29
1346	1	58
1470	2	16
1081	10	1471
24	5	1260
1472	1	182
68	5	682
548	1	1473
645	2	106
653	10	1474
16	3	1475
133	2	139
1476	4	1477
63	3	1478
487	5	482
1479	5	79
672	5	721
1480	1	1481
26	5	1482
106	3	1483
190	2	564
704	2	228
178	2	16
633	2	634
106	3	1031
1484	0	125
1485	1	58
150	1	1486
1487	5	79
858	1	1165
1488	5	268
1489	1	58
1490	1	1491
566	9	229
1492	2	16
111	3	326
1493	1	558
56	1	58
684	12	173
436	5	1494
1495	4	29
1496	2	16
1497	2	16
438	1	1498
1499	2	916
251	7	475
441	5	482
748	0	335
618	5	1500
29	4	60
34	5	1501
22	1	1502
1503	2	51
51	0	1109
453	2	16
63	2	1504
130	13	129
106	11	1505
1506	5	482
1507	5	22
361	0	70
223	1	1508
1509	0	261
731	2	251
155	1	378
26	5	1510
319	2	40
1511	8	1512
209	3	635
1513	1	523
799	0	604
1514	9	1515
1481	13	1516
1517	5	25
1518	7	138
251	2	1519
131	11	1520
220	1	1521
1522	3	236
16	3	1389
610	1	58
209	3	239
976	5	39
1173	1	1523
138	4	476
34	5	27
537	1	182
50	2	1524
1442	1	1525
1526	1	1527
409	2	16
991	0	969
473	6	125
1120	0	390
731	2	1528
1529	2	16
1472	4	29
1530	6	125
442	3	283
1531	1	965
355	3	367
1532	5	1533
16	3	1534
1535	5	22
1536	1	1537
319	3	1538
1539	5	828
1540	5	39
1541	2	29
838	4	290
897	2	16
1418	4	29
823	2	909
1267	5	39
128	4	29
1014	0	1013
106	3	1542
1543	2	1544
417	0	935
724	3	266
16	3	772
550	2	1545
106	3	1546
68	5	1547
1548	8	125
51	3	348
1549	4	29
47	1	1527
216	2	16
26	5	982
155	1	1550
346	1	0
1551	8	1212
1552	9	1553
494	8	1554
1555	0	918
312	4	209
1556	5	79
1557	10	1558
133	5	25
914	4	60
872	1	58
1197	4	29
58	0	904
55	11	141
16	3	1559
1560	1	58
194	3	1561
1562	11	458
1563	5	1564
618	5	1565
591	7	1566
1567	5	125
332	1	1568
1301	0	732
190	2	1569
1254	2	16
1570	5	287
562	1	417
106	3	1168
1571	5	241
314	1	1572
1573	7	475
190	2	1103
1574	2	51
1575	5	189
102	10	1576
51	3	1199
367	5	724
697	0	166
106	3	1577
290	3	1578
1371	5	745
1579	5	580
872	1	299
1580	2	251
1581	5	47
751	3	1582
1407	1	743
55	10	1583
1261	5	1584
1335	7	29
1585	5	79
1119	4	29
367	5	1586
1587	0	1178
330	2	1588
1589	0	1590
189	1	1591
51	3	1592
26	5	1593
1115	1	1114
1594	5	163
25	5	186
479	1	58
630	12	173
1595	0	235
1596	5	1597
436	5	604
235	2	1598
1599	0	1600
63	3	1084
1601	5	713
2	1	1602
91	9	1603
1604	5	39
16	3	1605
362	4	485
16	3	1606
1607	8	886
16	3	1608
304	7	290
126	2	16
1609	5	293
1610	3	200
34	5	1290
1611	5	39
1612	1	1613
1542	12	173
1353	5	60
732	4	29
294	1	801
867	9	877
106	2	1614
1615	5	980
1616	1	1617
319	2	1618
1162	2	16
1619	7	475
106	3	1620
1621	4	29
50	3	954
125	1	1622
111	2	1623
1536	4	29
1624	5	745
1625	1	1626
1135	5	721
1627	1	1628
1047	5	39
34	5	1629
1499	3	916
1573	2	111
1382	2	342
202	2	1630
189	3	367
1631	7	290
16	3	215
1379	0	1049
956	5	849
246	5	79
50	3	266
862	5	228
1632	10	1180
1633	2	16
1634	5	1635
342	8	1636
1447	0	1446
1637	5	324
24	5	1638
106	3	693
581	12	173
82	5	606
394	0	1639
16	3	1470
251	2	1381
672	5	1640
34	5	98
299	2	703
1263	8	1641
1642	1	58
1643	7	228
1008	1	1644
662	3	1283
828	5	800
1645	2	1646
1142	9	1293
16	3	178
1647	10	1648
1649	5	1650
1651	0	1652
956	1	1456
1014	0	1653
108	5	1654
117	1	1655
127	1	1656
1657	8	125
1658	5	189
942	1	1659
878	2	1660
1661	6	125
1081	3	1382
16	3	1662
659	0	42
1139	2	16
756	5	1663
525	7	1664
488	1	58
769	0	770
51	3	1663
1665	5	59
106	3	1666
1313	5	1667
65	1	1668
727	4	29
1608	4	29
1454	2	394
144	11	594
604	2	425
62	3	1451
1669	5	225
210	5	713
554	5	1670
16	3	1671
1046	3	51
1672	12	173
1170	1	337
86	1	1673
442	1	58
91	10	1674
1002	5	29
599	10	1675
1676	1	1677
1135	5	482
111	2	1678
59	1	433
556	0	947
131	11	1679
76	0	75
1680	11	1186
642	5	163
284	1	1681
1172	2	16
34	5	136
805	11	458
26	5	1682
355	1	337
1174	3	1683
1684	5	324
866	2	544
1019	12	173
1685	2	29
1029	1	58
26	5	1686
570	4	29
690	9	229
1687	5	755
596	1	558
127	5	165
1578	5	79
1688	7	45
1082	5	186
1689	0	1690
1691	4	29
366	2	1692
19	1	58
1693	7	45
639	11	654
1694	5	482
1141	3	1360
886	1	1282
174	1	837
300	2	1695
1696	9	229
1697	5	1547
1685	2	1698
618	5	1699
159	1	58
16	5	60
1008	1	1700
19	1	1701
1273	2	823
251	2	1370
1702	4	173
253	2	312
1703	2	1704
1705	5	125
1277	4	29
1706	0	833
348	1	1707
1708	5	561
1081	11	1709
1268	12	173
16	3	1710
1711	5	849
1492	4	29
125	1	1712
155	1	1713
16	3	1714
1715	1	1716
143	0	142
833	11	1717
362	4	159
58	0	1718
1719	4	29
133	5	1720
111	2	1692
16	3	1721
1442	1	1722
1526	1	589
22	3	68
1247	1	58
817	5	324
525	7	891
656	7	1723
1414	2	251
290	3	1724
34	5	1725
712	5	800
1726	10	1727
82	5	19
556	0	158
1728	2	544
1531	4	29
59	1	1131
1729	5	482
525	7	1730
1731	1	58
958	0	1732
1261	5	1733
58	0	742
51	3	1734
1735	2	16
223	1	1736
11	2	56
428	12	173
1296	5	1118
420	0	419
1737	4	290
548	9	877
1399	1	1491
1607	6	886
1738	1	58
1739	5	79
125	1	1484
1740	1	1617
1741	4	29
1742	4	173
58	0	1743
911	5	79
1744	1	58
1745	5	33
133	5	125
335	2	1746
317	2	251
1747	2	251
106	3	1748
51	3	1749
530	1	943
228	2	1750
47	1	221
51	2	1751
774	0	1752
1620	12	173
1532	5	1753
58	0	1464
58	0	1754
1755	1	58
68	5	1756
828	5	1170
367	5	1757
1017	5	79
1758	2	106
1759	0	1760
47	1	492
602	8	1761
1762	1	58
833	11	1763
82	5	1494
108	5	1764
190	2	1273
163	5	828
1409	13	36
1765	4	29
1766	1	1083
1426	5	1767
26	5	1640
191	2	190
24	5	1768
1769	3	1770
1326	1	1771
1518	5	138
556	0	698
1772	11	458
1342	2	106
1773	5	79
1774	5	293
768	5	1775
434	1	1776
1610	7	1723
658	1	657
662	3	355
26	5	1777
1174	3	194
890	5	1778
989	5	33
16	3	1779
1042	5	79
1106	5	1753
1000	8	1780
1326	1	1781
133	5	1782
1783	2	16
248	0	80
1784	1	1568
1045	2	50
568	5	29
1785	1	58
82	4	209
32	5	1065
1786	5	1079
1787	5	561
1788	1	1789
131	10	978
1790	5	196
1791	5	125
1792	0	348
1793	5	39
1794	0	1221
209	3	1795
1796	5	914
1797	2	16
81	5	80
1630	7	475
1798	5	434
701	3	1142
280	3	1799
26	5	707
1800	5	482
133	5	82
16	3	815
11	11	141
1801	5	228
26	5	1325
157	0	432
1802	5	721
209	3	1803
1804	0	805
87	0	1217
678	1	1805
1806	1	1807
1038	0	600
355	1	1456
133	5	1808
550	11	1520
1	2	77
106	3	480
1082	4	29
58	0	485
1384	1	743
389	2	16
123	5	125
1522	6	1809
1163	4	29
523	0	1513
215	1	1810
379	5	1811
484	1	483
492	0	47
1812	4	29
1543	2	1813
1814	5	186
1287	12	173
1295	5	79
1815	1	528
1816	4	1049
1817	3	1561
26	5	35
1818	1	1819
1820	1	58
394	2	393
193	3	326
1821	1	58
1822	4	60
16	3	582
319	3	1823
304	2	253
34	5	238
1824	5	426
1740	1	1825
1342	5	39
692	4	29
16	3	1061
1669	5	60
190	2	1826
1827	2	16
106	3	1828
362	4	1664
106	3	397
1829	4	29
787	1	963
418	7	228
1475	4	29
1830	5	67
26	5	1831
106	3	1166
1832	11	1266
1833	2	1046
1834	0	530
1835	5	482
352	2	16
1836	0	305
16	3	373
961	0	960
413	0	199
1837	4	29
312	3	1539
1838	0	596
1839	2	16
226	4	29
34	5	1840
344	5	482
604	9	877
108	5	1547
1841	5	732
539	3	1345
1842	5	482
1666	5	39
1221	4	604
1843	1	460
618	5	1844
1845	1	1846
1847	5	915
180	0	179
1214	0	1566
1848	3	1561
58	0	296
133	5	1849
255	3	1850
38	4	173
319	2	1851
550	2	549
1852	5	189
131	10	790
26	5	717
1853	1	1054
174	1	198
1250	5	531
26	5	1854
299	2	1341
34	5	1855
736	5	1856
1242	4	29
672	5	1857
1858	0	1292
228	2	530
1859	5	849
26	5	1860
26	5	1861
1862	5	189
106	3	1863
106	3	1864
391	1	1865
1817	7	475
741	1	1426
485	5	482
1866	2	16
1311	5	39
34	5	1867
111	2	312
858	1	825
106	3	773
1104	3	1868
1869	8	886
1117	4	29
16	3	1839
106	3	1870
1871	0	226
190	2	1021
1383	9	229
106	3	1146
125	3	326
1872	5	849
47	1	624
112	0	1873
228	3	906
16	3	1812
828	5	1874
496	10	1875
1097	7	45
202	2	1817
473	3	1876
1877	5	189
1655	0	117
1878	5	22
159	1	743
34	5	1879
379	5	1880
225	9	1881
1669	3	542
1882	5	531
1436	0	548
290	3	68
1689	0	1224
1883	1	341
1884	5	1885
1886	10	1887
453	4	29
290	3	1888
923	11	1186
16	3	1889
1890	1	58
1891	0	335
1564	5	79
68	5	1892
1464	2	251
1893	1	697
251	2	1619
653	10	1894
31	2	30
203	5	1895
34	5	1896
228	3	1897
150	1	1673
63	3	1898
17	1	299
346	1	1899
106	3	1070
1900	2	51
531	1	965
29	3	1901
596	1	601
1902	5	849
1414	2	909
68	5	1533
1903	11	1763
1904	5	167
1905	1	714
734	7	290
410	2	16
68	5	1906
1182	3	14
82	3	785
538	2	514
105	4	29
16	3	1907
620	8	621
253	2	304
1908	5	60
1909	12	173
342	9	939
1145	2	1910
1046	3	1911
1735	4	60
31	3	30
661	2	190
1912	1	1722
1913	12	173
1914	1	1915
1916	5	324
1863	5	39
530	1	1834
756	5	1917
1918	5	79
314	1	1919
1142	10	1920
91	10	1921
290	3	1922
208	1	1673
822	2	16
182	0	1923
686	2	1021
298	1	297
1746	0	335
1924	5	1925
562	1	1926
312	3	163
1927	5	745
525	3	1421
1928	5	79
91	10	1929
444	7	228
1930	4	290
1931	1	58
1932	5	67
1933	2	16
1934	4	173
1935	0	284
58	0	1152
712	5	339
559	4	29
454	2	16
1936	1	558
1422	4	228
562	1	542
709	13	708
51	2	1937
1546	5	39
63	3	500
813	1	1938
251	2	1939
1273	2	190
1940	5	1253
674	1	248
1941	11	1068
733	0	732
1221	4	1220
1278	5	63
91	11	132
496	10	1942
1943	4	29
1099	5	79
23	0	889
496	3	1944
1901	5	29
251	2	1580
1945	0	95
133	5	1562
398	5	29
1946	5	79
1947	4	29
326	5	1948
699	4	1949
63	3	1950
1951	5	22
734	2	290
100	2	257
1017	5	482
362	4	1952
1953	1	743
922	9	921
226	1	1954
142	1	1955
409	4	29
1956	5	482
47	1	157
1326	1	1957
1958	6	125
290	3	1802
344	4	290
1382	2	1081
63	2	1959
1960	1	1961
1962	5	1963
108	5	1964
385	2	1064
1965	11	458
106	3	1966
280	3	1967
192	4	29
155	9	1919
1074	5	39
1756	5	79
1968	5	63
190	2	465
1969	5	79
290	3	1970
966	7	876
362	4	1971
1623	2	111
1972	1	58
228	1	1973
106	3	1974
1975	5	482
34	5	1831
16	3	1933
26	5	721
1976	5	39
355	3	200
106	11	1977
1261	5	903
397	7	1978
1671	2	16
47	1	912
1979	5	189
16	3	794
1980	5	1981
1247	2	1982
138	4	1983
473	3	1984
662	3	1985
34	5	1986
1987	2	16
432	1	840
519	5	1106
58	0	1485
1846	0	1845
756	5	1988
573	1	87
379	5	1757
753	5	189
1989	4	29
16	3	1719
884	1	1990
68	5	1991
1992	5	324
431	1	1993
108	5	1682
133	5	1994
1760	2	1995
330	3	1588
837	0	174
1048	5	482
491	5	39
1600	1	1996
1997	13	55
68	5	196
106	3	1287
133	5	1998
870	0	434
1999	5	1079
596	1	1456
2000	1	2001
294	1	2002
732	1	1301
319	3	1237
100	2	1420
2003	0	2004
939	7	475
2005	1	58
2006	8	2007
459	1	2008
608	1	2009
1826	2	190
159	1	2010
51	0	235
1913	5	39
296	4	485
314	1	554
1803	5	79
1096	2	539
2011	5	42
379	5	2012
26	5	1258
102	10	2013
1779	2	16
2014	5	186
648	9	896
1704	3	2015
34	5	1892
1453	4	29
108	5	1157
2016	5	39
2017	5	189
106	3	641
1031	8	1307
1147	1	912
355	5	2018
2019	2	544
209	3	519
16	3	54
544	2	2020
300	2	2021
2022	0	537
2023	5	482
2024	1	299
68	5	2025
2026	5	2027
253	11	2028
390	1	2029
1534	4	29
700	11	1266
115	1	1527
108	5	74
2030	4	29
314	1	2031
1065	5	2032
290	3	2033
813	1	1703
24	5	580
24	5	22
34	5	1593
2034	5	63
1142	1	1293
2035	1	58
1376	8	1203
26	5	1252
355	1	1491
1701	13	355
926	2	925
592	8	1326
26	5	1533
1063	12	173
847	5	482
1085	13	2036
362	4	290
133	5	2037
1420	2	190
16	3	553
2038	5	125
24	5	2039
68	5	27
32	5	580
1375	5	29
889	1	23
426	5	29
1376	11	654
106	3	464
2040	5	79
732	1	1523
2041	3	954
290	3	2042
1883	4	228
134	5	959
91	10	2043
16	3	1496
32	5	2044
661	7	475
403	1	2045
290	3	2046
51	0	1900
2047	5	324
981	7	138
1845	2	16
190	2	1619
63	2	463
1812	2	16
1958	8	125
1424	9	2048
2049	4	29
1371	5	2050
138	1	2051
209	3	163
1602	0	117
724	9	229
82	5	25
505	0	504
1540	4	173
1449	5	721
660	1	2052
51	3	2053
108	5	2054
166	1	697
496	10	2055
228	2	906
599	11	594
969	1	2056
2057	2	202
602	11	654
2058	5	482
2059	1	58
2060	5	942
793	0	537
34	5	2061
236	1	58
1611	4	173
174	7	29
2062	4	29
739	2	16
290	1	842
2063	4	60
228	3	704
1412	1	1591
537	1	2022
207	5	39
1005	1	2064
1671	4	29
820	2	2065
111	2	973
1323	5	2066
1923	1	182
106	3	172
2067	5	170
1033	12	173
106	3	2068
1943	2	16
133	5	2069
58	0	1489
50	2	1045
1180	4	1179
241	3	240
2070	2	16
1413	5	39
2071	3	1555
1467	4	29
1152	2	251
1451	5	800
2072	1	2073
202	3	326
1499	7	29
1081	6	1636
2074	7	29
1105	2	1104
1158	12	173
2075	4	290
235	3	1506
2064	0	1005
611	7	312
16	3	694
51	2	2076
1002	2	29
2077	0	2078
16	3	1172
889	2	16
398	2	29
2079	4	290
2080	5	2081
2082	8	125
2083	5	1359
486	1	58
16	3	2030
1762	4	209
2084	1	2085
34	5	2086
600	1	2087
133	5	2088
16	3	2070
2089	11	458
1627	5	186
16	3	1633
2090	5	165
2091	4	2092
16	3	2093
1183	13	1182
1111	0	2094
653	10	2095
2096	5	22
1005	1	1459
662	3	2097
312	2	253
1974	5	39
813	1	2015
190	2	1088
2098	1	58
16	3	2099
1111	0	1049
209	3	2100
2101	5	2102
653	10	2103
209	3	1025
1451	5	482
1546	2	106
1448	5	482
889	1	2104
51	3	1360
2105	5	2027
1928	5	1753
34	5	2106
362	4	62
2107	11	2108
584	2	111
63	3	2109
16	3	93
2110	5	22
2111	9	2112
898	13	2113
1370	2	940
390	5	2114
1569	7	312
63	3	2115
2116	8	125
2117	0	165
534	1	58
1370	2	1148
24	5	2118
362	4	891
1714	4	29
845	4	29
34	5	2119
587	2	16
159	1	2120
102	11	2121
436	3	2122
29	3	2123
1702	5	39
914	11	458
290	3	2124
251	2	2125
2126	1	1440
50	3	1011
2048	13	1424
520	13	2127
257	2	731
719	1	679
914	4	29
26	5	2128
58	0	667
2129	0	2130
1870	12	173
1346	4	1730
732	1	2131
618	5	2132
190	2	2133
34	5	737
111	2	250
776	0	390
573	1	2134
182	0	1472
26	5	1764
106	3	1976
1721	4	29
2135	1	58
2136	1	337
2137	0	1115
251	2	2138
201	12	173
2139	0	787
34	5	903
1392	1	58
271	1	2140
942	1	2141
2142	2	251
873	1	2143
2144	2	50
1048	5	713
2003	0	319
1362	3	912
2145	11	458
24	5	2146
1883	1	2147
125	1	1240
277	2	16
26	5	1879
2148	1	58
1428	1	2104
1736	0	223
2149	5	2081
106	2	2016
1627	1	2104
2150	4	29
280	3	2151
133	5	2152
2153	1	2154
2155	1	2156
2157	5	189
2158	4	173
2159	0	2160
470	1	221
133	5	2161
2162	5	2163
34	5	2164
2165	7	749
690	5	2166
686	7	312
34	5	2167
165	9	2117
618	5	2168
34	5	2169
926	13	2170
2171	4	25
225	1	407
1196	4	60
735	5	2172
51	3	2173
2144	3	1199
1571	7	241
402	4	29
337	0	2136
106	3	2174
34	5	2175
2112	0	2111
457	11	575
431	1	430
881	0	2176
58	0	125
316	7	228
1442	1	2177
912	0	596
1277	2	16
535	1	1246
2178	5	189
1483	5	39
16	3	2179
1989	1	2180
106	3	1934
438	2	16
189	3	525
1765	2	16
1379	7	2181
305	4	29
1381	2	909
318	4	29
1283	1	2182
708	9	709
265	1	58
108	5	682
2183	4	29
106	3	941
25	3	644
68	5	1252
16	3	2184
355	1	1655
2185	1	501
2186	0	562
2187	5	79
1669	3	563
1826	2	299
1079	7	29
248	0	276
129	11	1186
2024	1	58
618	5	2188
2189	5	79
1380	4	29
133	5	2190
2191	11	458
2192	4	290
115	1	840
2193	10	2194
2195	2	16
2196	5	1650
2133	2	190
16	3	2197
2198	0	543
2199	5	531
2200	4	290
2201	11	2202
106	3	2203
873	1	2051
1739	1	58
251	2	2204
51	3	2205
1801	3	228
1011	7	876
1029	1	2206
209	3	2207
379	5	2208
2209	3	41
2210	7	475
2082	6	125
966	0	1049
2211	2	16
2212	5	79
1221	9	1794
2213	7	209
2214	2	50
1447	0	2215
525	5	339
34	5	1252
518	0	225
1631	1	58
133	5	2216
51	2	2041
16	3	778
667	2	539
913	4	29
2217	12	173
515	2	514
436	5	2181
228	3	861
108	5	482
1976	4	173
2204	2	251
290	3	2218
1072	1	590
1081	3	200
228	3	1801
1362	3	228
2150	9	2219
381	5	2220
68	5	1510
2221	1	2222
971	5	39
133	5	2223
159	3	326
253	7	1346
839	5	39
690	5	79
381	5	2224
2160	1	2225
154	9	668
16	3	1492
106	3	1604
1111	0	879
1204	4	29
2226	4	924
314	4	60
158	1	556
2050	5	186
2049	1	554
2227	5	1670
2228	4	29
1159	1	2229
2230	5	79
133	5	2231
106	3	244
2232	5	189
2233	2	16
2234	1	777
1069	2	16
2123	2	29
16	3	677
2235	5	79
670	1	2236
672	5	1252
68	5	1258
159	1	1302
1912	1	2237
106	3	1342
1040	8	2238
16	3	1529
615	1	221
1060	5	1635
2239	5	165
599	8	1405
698	1	697
2240	4	29
446	5	39
228	2	418
319	3	2241
34	5	2242
290	3	34
1442	1	2243
430	5	2244
1853	7	29
2245	1	58
1735	1	2246
700	5	2247
202	2	1018
732	1	542
828	5	2248
106	3	2249
1170	1	991
1841	5	780
648	10	2250
1123	1	2251
2252	6	2253
1545	13	550
209	2	513
215	2	16
1735	1	2254
693	5	39
2255	4	29
2256	2	16
298	1	607
1261	5	721
1185	9	1193
1739	4	290
51	3	2257
257	2	1148
942	1	2258
1883	1	843
1889	4	29
648	10	2259
26	5	482
58	0	468
2260	1	58
355	1	2261
665	5	79
29	3	1541
24	5	2262
2263	1	1190
1329	5	39
16	3	593
1802	5	79
2264	12	173
1122	0	867
1487	5	482
91	10	2265
26	5	2242
1142	10	2266
667	3	1451
2267	1	934
290	3	642
2268	9	2269
355	1	116
106	3	2270
262	3	521
522	2	2271
2272	4	29
1245	4	29
51	3	2273
2274	12	173
2275	5	225
26	5	2166
106	3	2276
425	3	2122
839	12	173
2277	3	1850
24	5	2278
2279	5	2280
1908	5	29
36	11	1186
24	5	2281
1859	5	60
2282	7	106
106	3	1540
2283	3	158
2278	5	24
2117	0	1905
2284	2	16
2285	4	290
712	5	1258
1286	5	39
2286	8	792
1046	3	2287
103	11	2288
470	1	469
108	5	1325
741	1	801
34	5	1482
298	1	400
2289	5	1399
2290	9	229
2291	5	22
613	0	612
22	9	1502
2003	0	2292
2267	1	2293
106	3	2294
1049	10	1816
525	5	2295
600	1	1038
466	1	58
1645	5	189
1752	11	458
2296	1	659
1531	1	2297
1859	7	29
1569	2	190
106	3	2298
820	3	2299
1101	10	1100
412	4	29
566	11	575
597	2	16
2300	2	16
2116	6	125
106	3	2301
34	5	2302
2214	7	876
935	1	351
58	0	891
2303	1	2304
218	5	2305
174	1	492
50	2	266
224	0	223
570	2	16
748	0	1150
867	2	1122
294	1	2306
2307	1	2308
1623	7	312
106	3	201
515	2	290
1669	5	29
2309	1	2310
2311	5	25
494	4	173
155	9	1550
16	3	841
2312	4	290
2313	1	58
1543	2	2314
832	4	29
741	1	1077
743	7	475
2315	1	2316
319	11	1977
1643	5	228
2317	7	475
756	5	2318
182	0	949
2319	0	2320
477	0	2321
2184	2	16
1710	2	16
2322	5	59
2323	1	58
25	9	2324
527	0	115
2071	5	29
876	9	229
251	2	2325
82	3	2326
2327	0	158
604	9	799
2328	5	1775
16	3	2329
228	1	1527
1229	2	251
34	5	1058
56	3	1425
91	9	2330
236	3	235
46	5	355
276	1	595
215	1	2331
1392	8	2007
1188	0	2332
2333	1	2334
16	3	2183
1934	2	106
1837	2	16
58	0	1642
2335	4	29
2336	7	475
2337	5	22
1065	5	1629
1827	4	29
2338	7	45
47	1	198
2339	1	1508
1273	2	743
2340	1	5
922	1	2341
1506	5	79
2342	5	24
2171	1	58
1229	2	940
2343	4	2283
133	2	1581
2344	0	751
873	1	991
1818	1	2345
89	5	2346
2347	5	167
387	5	1886
34	5	2348
445	4	29
2349	5	39
133	5	2350
434	11	458
26	5	69
395	1	502
1191	9	2351
290	3	1135
16	3	2062
224	0	2228
16	3	2352
241	3	2353
1036	4	604
1430	0	1049
2070	4	29
2354	5	2355
300	2	2356
65	1	2357
2358	5	189
51	3	200
538	4	1931
2359	5	745
1049	10	2360
294	1	1077
106	3	2361
1920	11	141
50	3	1506
2362	5	186
2363	12	173
1754	1	58
2364	0	1221
58	0	1548
355	2	46
1704	3	1703
1346	4	290
939	5	828
767	5	736
1389	2	16
1284	4	29
485	3	519
2272	2	16
16	3	1866
609	11	458
1368	5	29
954	5	1723
106	3	2365
2366	6	125
386	0	125
653	11	141
633	1	2367
485	5	79
106	3	1432
1111	0	335
548	2	520
2104	0	1428
2109	5	63
2368	4	29
2369	5	2370
1633	4	29
228	3	444
2371	2	2372
2373	1	2374
1021	2	190
2375	1	2376
1449	5	1753
16	3	2211
2377	1	1225
208	1	2378
2036	6	1809
2379	5	1399
711	7	475
573	1	1020
1464	1	58
406	1	518
296	4	290
2128	5	2380
2381	12	173
330	3	873
662	3	2382
2	4	138
1343	1	2383
2226	10	2384
504	1	929
106	3	2385
1170	1	1169
1009	0	123
1662	4	29
436	2	681
820	11	1977
732	1	1626
51	3	1770
241	3	2386
1223	2	106
319	10	2387
2372	0	1607
2388	2	16
106	3	2363
530	4	228
16	3	1254
133	5	652
552	1	1668
262	0	548
1046	3	1833
2389	4	29
686	2	1273
108	5	1892
202	2	2057
355	11	458
111	2	1021
34	5	2390
228	1	1077
108	5	234
1256	8	125
2391	7	475
2392	1	58
2393	1	2394
2395	5	189
619	5	482
2396	1	583
1846	0	220
16	3	1053
674	1	81
2397	1	558
367	5	482
16	3	2398
1261	5	2302
1351	2	106
2399	1	2400
2401	5	457
2402	2	190
1267	4	173
2403	5	293
963	0	1008
1	1	0
1468	0	804
46	2	133
1221	5	2122
362	4	1738
437	7	876
2329	4	29
1619	2	251
553	4	60
1320	0	1319
949	1	1259
2267	1	2009
2393	1	1034
670	1	448
2383	0	1343
165	1	714
2404	1	58
16	3	2405
424	4	29
1430	0	749
981	5	138
34	5	2406
2078	1	2077
2407	5	155
2408	5	79
2409	5	79
80	1	2410
1143	2	106
58	0	57
2411	0	2412
2413	7	1012
253	7	348
2414	11	458
129	4	1127
32	5	2415
134	5	1564
50	2	2003
106	3	2416
1885	5	1884
2417	1	58
295	0	294
284	1	502
2057	2	251
290	9	229
29	3	2418
1379	0	335
2399	1	1833
431	1	221
2419	5	125
1832	9	51
133	5	405
148	2	149
106	3	2420
391	1	797
290	3	2421
51	0	1127
496	3	41
59	4	29
209	3	2422
2423	1	58
2298	2	106
32	5	423
1261	5	2390
1758	5	39
1081	9	51
241	3	530
2424	5	165
6	0	817
24	5	2425
28	2	16
2243	0	1442
577	5	580
251	2	944
2165	0	1049
1081	2	1610
2426	0	2150
2427	2	29
1247	5	482
2428	1	870
2429	2	251
120	1	1423
26	5	1880
2150	1	2426
1718	1	58
2003	7	876
2430	4	629
2431	4	29
2432	4	290
2433	5	2434
16	3	2233
1437	4	29
51	3	2435
155	1	5
51	0	499
2436	12	173
51	0	2437
1261	5	2438
2439	5	67
13	2	769
608	1	2440
2441	5	39
199	9	1360
48	2	2442
209	3	2443
916	0	2444
568	5	60
2445	5	580
62	4	290
328	9	1553
26	5	74
24	5	2446
1142	3	701
838	1	58
1303	11	1977
1053	2	16
1704	7	29
2447	4	29
2448	6	886
204	0	203
29	3	392
1166	5	39
1129	6	37
2449	4	29
2123	5	29
1817	2	940
1625	4	60
273	2	16
300	2	2450
2451	11	603
803	2	16
16	3	2452
51	3	1937
58	0	637
290	7	475
626	1	58
604	9	2453
106	2	1759
111	2	743
158	1	527
391	1	2454
427	5	79
2455	3	367
1005	1	2456
29	3	1375
674	1	2410
751	1	295
91	10	2457
1646	0	1645
648	10	2458
16	3	2459
82	5	1081
1050	2	896
2460	5	1627
346	1	2461
2462	5	39
909	2	1381
2130	1	2129
1551	6	125
34	5	1510
736	5	724
228	3	1643
1727	11	141
756	5	1118
1174	3	620
47	1	1491
367	5	606
557	1	556
26	5	828
2463	5	79
552	4	29
2464	5	2465
209	3	1427
701	7	1292
390	1	1120
146	5	39
662	3	2466
699	5	1885
2467	2	2468
987	7	29
1181	4	29
2469	4	29
106	3	1047
1012	11	575
2470	5	1632
677	4	29
89	5	2471
58	0	312
2472	1	58
23	0	608
1104	3	2473
270	2	251
16	3	1197
394	0	1454
16	3	2474
125	5	2475
823	2	1273
2476	5	39
68	5	1986
704	5	228
1496	4	29
25	1	2477
16	3	2478
2479	4	462
106	3	1758
1392	6	2007
106	3	1672
1870	5	39
1337	5	482
2480	0	2481
147	5	39
106	3	2462
2482	1	2483
2484	2	251
2485	5	858
678	1	242
55	10	2486
346	4	29
42	11	575
1008	1	122
51	0	701
51	2	1360
2487	2	16
2488	5	79
381	5	482
1464	3	519
106	3	2489
421	3	1561
939	13	342
16	3	559
63	2	1007
1833	0	1145
58	0	1739
2310	0	2309
190	2	703
285	0	395
920	7	45
257	0	235
16	3	2490
530	1	2491
1504	7	820
2492	5	189
330	2	1518
756	5	2493
190	2	1229
2494	5	67
220	1	1993
543	1	2198
241	3	2495
1612	1	2496
362	4	189
2217	5	39
106	3	2497
16	3	1783
340	1	2498
50	2	2214
16	3	2499
1249	4	669
2354	5	165
2500	5	1364
19	9	20
290	3	1729
25	3	68
16	3	1418
1362	7	228
42	1	659
317	7	475
817	1	6
2501	0	2375
1531	1	532
1887	4	388
472	1	58
750	4	29
16	3	168
299	2	1826
400	0	399
1247	4	462
51	2	348
509	4	29
724	9	877
2502	6	886
108	5	1258
34	5	721
1975	5	79
209	3	2503
290	3	2504
548	3	266
106	3	2282
22	1	2104
1074	8	2505
1148	2	257
51	5	1832
1516	11	2506
16	3	1281
347	5	828
241	3	2507
2508	5	828
367	5	2509
459	3	2510
1116	0	732
1045	3	1199
1195	4	29
1145	1	2511
1159	1	76
16	3	2368
295	0	751
34	5	937
55	10	2512
425	13	102
2513	6	2514
51	2	1574
209	3	1451
91	11	1266
2515	4	29
1832	3	200
657	0	670
2516	9	1794
197	1	2517
435	1	58
139	2	47
956	1	2518
1005	9	2456
658	1	2236
190	2	1817
68	5	1654
2519	1	58
26	5	1654
2127	9	520
51	0	1003
1629	5	2520
1859	5	29
2521	5	226
42	11	458
133	2	46
786	4	29
1366	4	29
131	10	2522
735	5	355
2523	4	99
1353	7	29
2524	2	2525
2526	5	457
24	5	2527
1606	4	29
2063	4	29
2354	5	858
413	0	194
538	4	209
1507	1	337
1396	4	29
2528	0	820
662	3	1876
90	10	626
2428	1	1776
2529	5	25
2530	4	290
106	3	2217
2531	8	2007
2165	0	2532
1310	1	58
106	3	2533
108	5	2534
1516	9	1481
1077	0	751
1442	1	2535
399	1	1523
99	4	2523
1617	0	1740
55	2	12
106	3	1233
2536	5	1065
2365	5	39
2182	0	1283
923	4	2537
58	0	159
1135	5	713
2538	0	342
2539	5	1650
51	3	2540
2541	5	79
54	2	16
51	3	266
194	5	482
381	5	79
117	1	242
2542	0	459
16	3	214
1625	4	29
2543	1	58
1280	4	29
2544	5	573
1147	1	1527
2545	5	25
756	5	2546
154	4	1059
1215	5	512
2234	1	659
362	4	2547
16	3	308
16	3	1469
2490	4	29
432	1	624
51	0	1101
448	0	259
2548	5	1650
51	2	1462
2549	5	189
300	2	46
1590	1	1591
84	4	29
2550	5	2551
2552	7	45
2553	1	2554
2555	7	475
2538	13	1081
807	1	2031
783	2	16
51	3	2556
349	3	2557
456	2	16
1791	1	2293
1353	3	554
16	3	845
178	1	2558
2228	1	1736
155	9	156
381	5	713
2559	0	622
745	1	2560
828	5	482
1022	2	51
1171	2	251
856	5	2561
2562	5	59
68	5	2012
565	2	2563
47	1	679
1561	5	485
2240	2	16
1331	2	16
120	4	138
350	1	1138
183	2	16
2380	5	2564
174	1	2565
383	7	876
2298	5	39
2566	5	225
436	8	1780
1568	0	332
1181	2	16
1843	1	2510
2567	11	141
108	5	1023
2568	5	745
2569	5	482
228	2	316
966	0	2181
2	5	2539
436	5	1777
50	2	2317
24	5	2570
1759	0	106
2571	4	2320
1182	10	2572
2573	5	580
1304	4	604
1442	1	2574
251	2	2142
221	0	609
383	3	1199
24	5	2575
51	2	2576
56	7	55
355	2	1581
1974	12	173
356	1	801
25	1	501
2577	5	79
2293	0	1145
125	5	2578
58	0	2579
2580	2	251
92	13	91
436	2	2581
591	3	63
1392	2	2582
106	3	2286
2583	2	2584
1201	2	251
2585	5	79
2586	4	228
2071	5	60
947	1	2587
58	0	348
1153	1	430
2588	2	16
91	10	2589
2150	1	2590
304	2	539
174	1	2517
1135	5	1640
1169	0	873
2591	2	251
24	5	163
1797	5	29
362	4	2432
2592	10	2593
348	1	58
2594	5	170
1159	4	29
284	1	930
15	4	29
437	2	50
2595	9	2596
1845	4	29
686	3	1341
276	1	1527
154	9	2597
1107	5	186
106	3	952
108	5	2166
206	12	173
2150	9	2598
51	3	2599
1441	1	1440
1508	0	2339
949	1	2600
299	2	1273
2601	10	1067
2602	0	820
122	7	123
795	5	39
111	2	1569
126	4	29
736	5	247
251	2	1747
1839	4	29
2603	1	58
290	2	734
2604	5	189
125	1	58
554	0	2049
1472	4	60
2605	5	2606
1562	11	2202
1779	4	29
102	10	2607
355	9	2608
769	2	13
165	5	186
1749	2	51
2609	5	189
50	2	371
2610	1	58
525	7	1952
311	5	2611
355	11	575
342	6	621
1791	2	2468
2612	1	58
108	5	2613
63	3	974
58	0	885
362	5	902
2230	5	482
947	1	2614
106	3	222
106	3	2441
2615	8	886
1063	5	39
665	5	482
51	3	1142
385	9	968
2616	4	29
1548	6	125
407	0	406
942	1	1434
473	3	2617
1678	2	111
1581	2	133
16	3	105
125	4	29
2618	7	475
1546	12	173
2487	4	29
215	1	2619
2515	2	16
2467	7	241
1431	5	39
1010	1	58
1817	2	190
681	1	58
2620	1	58
32	5	2621
918	4	60
2622	1	2279
1330	5	79
1431	12	173
58	0	1358
850	2	851
2623	1	58
111	2	110
473	3	2623
1353	5	29
16	3	1366
106	3	207
275	5	39
133	5	2624
686	3	2625
857	6	125
16	3	1947
847	5	713
2626	12	173
16	3	2469
1729	5	79
2627	5	189
879	2	539
319	2	2209
2398	2	16
807	11	458
208	2	2628
1354	4	29
1887	9	149
133	5	535
1142	11	141
1669	5	1335
485	5	293
90	5	60
678	1	720
2629	1	2630
1261	5	713
1790	5	79
2553	1	1246
2361	12	173
106	3	1223
1735	4	29
2631	5	125
2632	5	482
2327	0	432
2201	11	575
2502	8	886
367	5	1682
2587	0	947
348	1	1246
2633	11	654
2174	12	173
32	5	2634
2459	4	29
1139	4	29
2635	5	22
401	8	125
615	1	430
1604	4	173
662	3	2636
1949	3	2247
86	1	2491
220	1	2637
2638	5	2639
2459	2	16
311	0	310
638	2	50
16	3	2640
2641	1	58
228	3	418
1905	1	2117
1147	1	1456
2642	5	580
305	1	2510
106	3	2349
51	5	2643
16	3	1136
2644	0	1003
1095	2	16
1121	5	849
2645	1	58
662	3	2646
1735	1	2647
2558	0	178
1033	2	106
19	1	1792
2648	5	22
32	5	2649
25	9	1706
2650	5	167
2651	0	947
2652	1	58
2653	9	2654
37	5	189
2655	1	2656
1563	5	2657
662	3	2623
1704	5	60
338	5	768
34	5	953
1261	5	829
787	1	2139
418	2	228
822	4	29
451	0	319
16	3	1845
280	3	2658
1719	2	16
209	3	2659
290	3	2660
436	3	510
1851	0	319
330	2	678
2661	0	2662
34	5	1861
50	2	2663
34	5	1023
133	5	1326
1210	0	2664
780	11	458
511	5	2655
111	2	2665
896	13	602
604	1	799
1653	1	1014
128	2	16
63	2	2666
626	4	290
1647	10	2667
209	1	299
1627	1	890
125	5	19
703	2	299
276	2	2668
1514	1	1515
881	13	1101
26	5	2220
1261	5	2669
2670	5	79
773	12	173
2671	5	189
361	0	174
26	5	1757
357	0	294
2593	10	2592
16	3	2300
2259	4	1050
1179	5	2470
106	3	2436
165	1	2117
58	0	2171
16	3	2672
2673	4	29
290	3	2674
2675	0	609
1106	5	163
485	1	2120
662	3	63
1743	3	326
390	5	2676
1853	1	2677
2678	6	125
228	1	776
22	4	29
290	3	2679
1600	1	1599
424	2	16
578	5	482
2226	10	2680
2282	5	39
856	5	2681
2041	0	1059
251	2	110
2682	5	225
1792	0	19
16	3	945
2683	1	323
885	6	886
732	4	60
2684	5	212
2084	1	1807
1341	2	299
922	1	58
2685	5	79
2686	5	22
100	2	111
2530	5	79
2554	0	2553
2687	5	1597
673	2	16
2688	5	25
155	9	2689
51	0	876
935	1	2690
2691	5	73
732	1	2692
436	5	681
2693	5	22
16	3	445
108	5	1429
1885	5	699
1092	0	732
562	4	60
656	13	342
155	4	29
2694	5	1597
106	3	2695
893	2	16
743	2	1273
350	1	2696
367	5	972
428	5	39
2458	8	208
106	3	1285
1132	2	16
2697	1	58
593	4	29
748	0	1049
2698	5	2699
2700	8	2701
807	4	29
34	5	713
966	0	1202
2702	5	125
1685	3	771
2703	5	225
300	2	2704
183	1	182
1625	2	16
91	10	2705
702	5	39
2706	0	2707
16	2	237
58	0	1256
106	3	2708
1079	3	943
290	3	1946
51	3	2709
209	3	2670
599	1	145
2710	1	122
1226	1	1225
2711	5	73
1726	9	1858
367	5	2712
1037	5	2102
29	3	2713
2714	5	745
16	3	522
26	5	2086
16	3	2715
2716	5	22
473	3	2717
16	3	1495
80	3	228
2410	0	674
26	5	2718
538	4	290
1559	4	29
2719	4	138
1685	3	2720
1610	3	2326
2721	4	29
434	1	433
24	5	2722
52	1	337
32	5	2723
346	1	2724
599	6	1405
2294	12	173
849	9	229
2725	1	58
1221	1	2364
1746	0	1049
817	1	1397
34	5	69
1112	5	482
1395	5	79
58	0	1890
2300	4	29
786	2	16
977	5	79
16	3	1549
1590	1	2724
2713	2	16
2726	5	167
2111	1	2112
941	12	173
26	5	1906
2727	3	182
1218	2	16
241	3	115
106	3	1702
51	5	2273
756	5	2728
2352	4	29
2729	5	29
271	4	29
16	3	597
117	1	679
1417	3	1421
2294	5	39
2730	5	125
2633	11	603
1167	2	2731
1697	5	109
1287	2	106
51	3	2041
741	1	295
2732	0	2733
2734	5	25
133	5	690
106	2	2735
280	2	2736
1224	2	16
42	4	60
251	2	2737
106	3	2738
498	4	2226
103	11	2121
436	5	2739
2740	5	1775
2130	11	458
139	0	1147
106	3	1913
335	2	748
2741	2	539
2742	4	604
280	3	2743
111	2	100
2744	5	831
520	3	521
2745	1	2746
106	3	2747
884	9	229
2120	0	485
1195	2	16
270	2	190
2748	4	290
2074	3	2749
504	1	991
2277	3	256
2750	8	125
1404	6	1405
319	3	2751
131	11	2752
251	2	2057
904	4	290
290	3	860
24	5	2753
82	1	58
793	0	22
1217	1	2134
2696	0	350
367	5	163
51	3	131
2754	1	2229
1104	3	1105
145	0	144
1588	5	1359
712	5	1906
34	5	2718
106	3	2700
422	4	29
106	3	1238
51	0	1749
1085	2	1522
16	3	586
909	2	1414
91	11	2755
791	10	140
1949	4	699
2364	13	2516
16	3	438
6	0	1
823	2	251
228	1	1190
1600	4	29
1061	4	29
183	4	29
672	5	482
24	5	2756
2757	4	235
91	10	2758
403	1	337
2411	7	2759
99	9	2760
1077	0	294
300	2	2608
16	3	1943
2247	5	700
2761	5	79
16	3	2762
195	0	174
2763	5	19
932	7	106
16	3	1245
2738	12	173
34	5	1547
16	3	2284
2764	4	2765
727	2	16
599	9	145
1164	1	2766
1735	1	2767
26	5	1857
2490	2	16
2768	5	189
34	5	931
2769	5	33
32	5	379
290	3	2770
16	3	2272
1698	5	2771
1027	7	228
2772	5	22
34	5	2773
1093	5	79
117	1	1602
2629	1	2774
174	1	1689
1335	3	2692
1590	1	1589
340	1	901
16	3	1741
2416	4	173
51	3	1462
106	3	2775
1001	5	63
16	3	750
133	5	512
82	4	290
155	9	378
1221	4	102
106	3	569
13	3	2776
249	2	16
923	11	141
2335	1	2777
243	4	29
207	12	173
82	3	200
1541	5	29
544	2	1728
91	2	2778
1112	5	79
1605	4	29
459	1	2542
2432	1	58
956	1	595
550	8	792
459	4	29
2571	1	58
561	4	60
251	2	2779
1101	10	2780
133	5	962
1351	12	173
1101	2	881
1420	2	111
745	1	2781
172	4	1978
1873	1	112
251	3	1561
16	3	2616
1689	0	174
459	1	2782
106	2	2783
58	0	1953
544	2	1528
29	3	2729
742	1	58
340	7	29
2332	1	1188
2482	1	2784
58	0	2603
1644	7	123
2785	2	966
42	1	2786
823	7	475
2787	5	1670
1269	0	319
2666	0	820
113	4	60
228	3	70
2788	5	22
162	5	79
174	1	1190
34	5	1860
1864	5	39
133	5	2789
2595	11	1186
313	4	29
34	5	902
648	8	1761
548	1	58
712	5	1654
2790	7	475
679	0	117
2577	5	482
228	3	1149
2673	2	16
355	9	1655
2179	4	29
2791	7	475
2620	9	877
268	11	575
1864	12	173
1382	7	1081
16	3	2487
2792	5	165
618	5	2793
330	3	1343
335	8	125
2794	8	2795
32	5	2380
2796	7	241
312	1	58
1147	1	139
436	7	2181
741	1	357
543	1	2797
111	2	366
2798	5	79
106	3	1339
1532	5	79
2799	5	2050
16	3	2515
1081	2	1360
515	1	58
106	3	2626
2536	5	2188
58	0	118
190	2	1528
1780	5	186
1008	1	963
113	4	29
2800	1	58
670	1	2801
966	3	1199
2802	5	90
1007	0	1566
29	3	2427
2803	5	189
436	4	290
481	5	79
1783	4	29
101	2	111
34	5	1640
828	5	1777
243	2	16
2286	5	39
646	1	58
1028	5	63
290	3	2804
923	10	2537
2805	5	831
1564	5	2806
2807	1	2808
525	5	163
34	5	2809
290	3	2810
1407	1	58
106	3	2476
16	3	1095
2811	5	189
734	3	2812
2813	1	986
711	2	190
16	3	2814
108	5	931
1656	0	127
51	2	2815
131	10	2816
605	5	42
1672	5	39
2444	1	916
1283	11	458
736	5	368
660	1	2817
32	5	1449
2816	4	235
2818	5	79
621	1	2819
743	2	251
2820	4	209
670	1	657
2821	1	58
340	1	2822
630	2	106
1145	1	1973
257	13	1522
1253	11	458
236	2	131
276	3	2668
2760	13	99
2823	7	45
1704	2	2015
1605	2	16
2762	2	16
215	1	2824
91	11	1520
391	4	29
194	1	58
251	2	2591
2825	2	16
2327	0	2826
599	10	1978
232	1	309
436	5	1296
1412	1	1656
1101	10	2827
2003	5	41
1449	5	831
2741	4	290
991	0	504
932	2	106
16	3	1216
1135	5	1686
335	2	2165
208	4	29
29	3	1797
68	5	2828
1268	5	39
1143	4	173
1822	1	1668
662	3	2829
741	3	1582
2342	5	580
2830	5	125
2831	5	512
2286	12	173
444	5	228
2832	1	523
22	1	2833
367	5	79
828	5	2012
2834	0	2835
2836	4	29
319	10	2837
16	3	2838
51	0	2839
2840	2	2841
2842	11	1068
2843	5	293
2844	5	22
2845	1	1426
2846	2	2847
2848	5	1372
106	3	2849
1214	0	2850
24	5	2851
32	5	2852
2853	4	29
2854	3	1599
2855	1	2856
828	5	2857
125	1	2858
241	3	2859
2860	5	22
271	1	2861
2862	5	293
102	10	2863
290	3	2864
32	5	2865
2866	5	39
2867	5	2868
34	5	2869
2870	0	2550
2871	5	189
305	1	2872
2873	5	2370
149	13	2874
2875	5	79
133	5	2876
7	1	2877
2878	5	512
2879	3	2880
2881	2	544
24	5	2882
241	3	2883
2884	7	681
2885	5	482
2836	1	2886
2887	5	79
16	3	2888
133	5	2889
2890	5	79
2891	4	462
209	3	2892
1543	1	2893
209	3	2894
1476	6	2895
24	5	2896
1242	1	2897
2898	5	2283
2899	1	58
2900	5	79
2901	8	125
496	1	2902
125	1	2903
2904	5	1425
2905	5	167
1178	1	2906
2907	1	58
430	5	2908
2592	10	2909
51	2	2910
2911	5	79
2912	5	186
24	5	2913
16	3	2914
34	5	2915
2916	5	482
2917	4	29
319	3	2918
2919	5	167
741	2	2920
2921	5	482
2922	1	1491
2923	1	2924
2925	5	482
133	5	2926
496	10	2927
34	5	2928
2929	5	2102
2930	5	355
133	5	2931
2813	1	2932
1117	1	2933
213	8	2934
2375	1	2935
2936	1	58
51	3	2937
2938	5	79
2939	5	39
2940	5	1873
2941	1	2942
106	3	2943
51	3	2944
290	3	2945
995	1	2946
2947	5	1670
2948	5	2481
2949	0	2950
2951	7	45
2952	5	2868
319	3	2953
103	11	2954
2955	5	189
2956	5	25
2957	5	142
2958	5	535
2959	9	229
29	3	2960
2961	1	58
1868	2	2962
300	2	2963
2964	4	29
2965	5	186
2966	1	58
22	1	2967
2968	5	1627
102	10	2969
2970	4	290
2971	1	2972
24	5	2973
833	11	2974
2975	1	58
2965	1	2976
2977	5	155
300	2	2978
131	10	2979
2150	9	2980
2981	11	2755
2679	5	2982
2983	5	189
2984	2	394
2985	4	29
209	3	2986
2987	7	290
2988	5	293
2989	5	268
2990	1	58
2991	5	531
133	5	2992
2993	5	79
2994	4	29
2855	1	2995
2996	5	79
400	0	2997
2998	1	58
24	5	2999
3000	1	3001
3002	5	189
522	2	3003
3004	5	189
621	1	3005
3006	1	58
3007	5	1880
457	1	3008
290	3	3009
3010	4	153
106	3	3011
106	3	3012
106	3	3013
133	5	3014
58	0	3015
3016	5	22
3017	5	531
24	5	3018
3019	5	2561
1105	3	3020
3021	11	141
3022	3	2480
3023	5	732
50	2	3024
3025	1	58
674	5	3026
2201	11	3027
3028	1	3029
24	5	3030
3031	1	58
3032	5	293
562	1	3033
215	1	3034
1261	5	3035
881	3	3036
3037	5	2277
3038	11	654
3039	7	1012
1702	8	3040
3041	5	29
34	5	3042
3043	1	58
1368	1	3044
3045	5	189
14	5	3046
3047	5	79
608	1	3048
436	5	3049
3050	5	189
51	3	3051
1872	5	3052
3053	5	79
24	5	3054
690	5	3055
106	3	3056
2084	1	3057
24	5	3058
3059	5	482
3060	5	2130
24	5	3061
3062	5	1753
674	1	3063
3064	7	3065
549	13	3066
3067	5	3068
3069	5	226
133	5	3070
3071	5	90
106	3	3072
280	3	3073
3074	7	45
3075	5	2
3076	1	23
4	1	3077
1178	1	3078
3079	5	1650
3080	5	1298
3081	5	225
473	3	3082
3083	5	972
3084	3	1199
3085	5	355
3086	5	189
3087	1	1491
127	1	3088
3089	11	2288
190	2	3090
3091	4	29
106	2	3092
813	1	3093
125	5	3094
3095	5	293
3096	5	3068
300	2	3097
3098	5	90
3099	5	1753
3100	5	189
3101	4	290
3102	5	79
