0	34	1
2	60	3
4	32	5
6	35	7
8	70	9
10	7	11
12	164	13
14	35	15
16	9	17
18	45	19
20	3	21
22	37	23
24	143	25
26	16	27
28	3	29
30	29	31
32	22	2
33	46	34
35	12	36
37	60	38
39	120	40
41	19	42
43	111	44
45	15	46
47	3	48
49	3	21
50	6	49
51	187	52
53	36	54
55	36	56
57	7	58
59	26	60
61	9	62
63	19	64
65	127	66
67	153	68
69	22	70
71	9	72
73	26	74
75	4	76
77	10	78
79	6	80
81	45	82
83	62	84
85	84	86
87	127	88
89	209	90
91	62	92
16	19	93
94	43	95
96	183	97
98	36	99
100	81	101
102	3	21
103	15	46
104	7	105
106	0	107
108	92	109
92	46	110
111	32	112
113	22	2
68	150	114
115	34	116
117	125	118
119	9	120
121	9	122
123	36	124
125	26	126
127	7	128
129	9	130
131	26	132
133	159	134
135	139	136
137	81	71
138	108	139
140	75	108
141	22	87
142	47	143
144	62	145
146	0	147
119	9	148
149	4	76
150	45	151
152	89	153
154	89	155
156	22	157
158	36	159
160	3	29
161	6	162
163	36	164
165	45	166
167	76	168
169	42	170
171	9	172
119	9	173
174	8	175
176	61	177
178	45	82
179	16	180
94	45	181
182	15	46
183	9	184
185	46	186
187	6	188
189	139	136
190	76	191
192	14	193
194	45	195
196	3	29
197	36	198
199	7	200
151	60	201
202	2	203
100	15	204
205	35	206
207	70	208
209	16	63
210	3	21
211	163	212
213	121	214
215	0	216
217	3	218
219	11	220
221	9	222
223	75	224
225	6	226
227	40	228
229	139	136
230	105	149
231	75	232
233	13	234
235	3	236
237	121	238
239	64	240
241	15	46
152	22	146
149	125	242
27	8	111
49	6	243
244	8	111
245	41	246
247	155	248
249	30	250
73	4	76
251	7	252
253	6	254
255	6	256
257	105	258
259	31	260
261	157	262
263	35	264
265	47	198
266	36	56
267	7	161
268	36	269
62	22	157
270	33	271
272	81	273
274	15	46
275	12	276
117	46	198
277	43	95
278	72	238
279	1	280
177	0	281
282	44	283
284	15	46
285	29	126
205	35	286
287	4	76
288	3	29
289	35	290
291	36	292
293	36	294
295	161	296
297	46	298
299	33	300
301	22	146
302	29	70
303	87	304
305	36	182
66	144	306
62	1	93
307	9	308
309	127	310
139	160	311
258	157	257
312	64	313
314	45	315
316	7	267
317	22	87
197	26	170
318	3	21
319	3	29
320	160	238
321	22	170
5	3	21
322	127	310
225	36	323
323	22	2
221	9	100
324	16	71
23	37	325
326	97	146
327	6	328
199	36	329
330	40	331
332	157	333
22	37	334
335	30	170
142	47	336
337	32	338
339	84	340
341	41	342
343	15	46
344	26	170
345	111	346
347	126	348
14	35	349
350	44	351
352	3	29
353	35	354
355	35	264
356	19	357
31	99	358
359	99	360
361	155	362
33	36	363
364	6	365
0	34	112
366	7	367
368	35	369
370	21	230
371	3	372
373	3	29
374	193	375
376	22	377
156	22	378
197	3	29
71	9	379
380	41	82
381	26	382
383	40	22
11	6	369
384	158	385
386	29	387
388	47	389
390	8	391
392	19	95
254	7	393
394	22	87
395	3	21
73	26	170
396	92	397
398	7	253
399	36	72
73	16	400
401	113	402
403	45	404
405	34	406
249	107	407
408	9	409
410	3	29
411	9	412
413	3	29
414	30	170
415	207	416
417	99	360
418	115	419
416	127	88
242	4	76
41	19	420
421	89	422
423	4	76
424	153	425
3	15	46
426	170	427
428	15	46
429	31	430
431	93	432
433	8	434
435	116	170
436	7	437
438	46	439
440	99	360
441	64	257
442	36	443
444	13	445
446	22	447
448	30	449
450	47	451
452	34	453
454	15	46
289	48	455
456	36	294
230	3	48
412	22	378
457	16	458
230	157	459
267	6	460
461	6	98
177	61	176
462	192	463
207	70	464
465	33	300
466	111	467
468	6	469
470	15	46
100	15	46
330	37	471
472	15	46
216	194	215
473	119	378
474	3	21
105	16	475
476	25	477
75	26	170
478	41	246
479	46	480
481	89	450
482	34	1
483	64	484
333	16	485
184	45	486
487	10	488
489	45	490
491	19	492
408	9	493
494	183	495
496	3	48
497	127	498
499	30	170
500	3	29
501	22	502
503	11	504
505	1	456
506	6	507
508	3	29
509	26	510
511	15	46
512	142	513
454	22	2
514	16	101
221	9	515
516	19	200
517	21	518
418	115	519
346	6	518
520	3	29
521	108	320
522	127	88
523	36	326
431	93	524
525	7	526
409	62	256
446	22	87
497	64	527
528	9	529
530	158	36
531	22	87
532	70	225
533	35	534
505	22	146
535	64	199
536	181	537
538	36	539
540	3	29
157	127	66
541	12	542
543	46	544
505	75	456
545	7	546
547	19	108
548	187	52
549	20	550
551	125	552
553	43	554
555	36	274
556	3	29
557	35	558
559	26	285
560	75	561
562	22	2
515	15	46
563	36	564
565	160	311
566	122	567
568	8	391
393	6	254
569	177	570
571	121	132
572	6	460
573	6	574
575	4	76
576	34	10
577	127	578
202	83	203
579	22	146
580	9	581
101	9	34
582	3	29
583	3	29
584	36	585
273	9	586
587	46	493
588	8	4
589	3	21
590	26	2
591	68	592
593	22	2
594	137	595
314	89	153
596	45	597
145	36	144
598	7	599
72	45	404
600	123	601
140	1	108
602	105	200
228	40	22
603	105	604
605	15	46
606	48	607
277	81	411
608	15	46
557	35	427
609	16	610
611	32	234
612	60	343
599	7	613
614	6	615
330	37	616
249	6	617
618	35	619
620	46	621
622	19	349
623	16	71
603	4	76
624	22	157
93	36	625
626	110	627
628	128	629
630	143	25
631	107	348
632	187	633
634	26	382
455	35	635
636	3	29
637	96	638
639	1	640
389	45	37
22	37	641
642	30	510
446	22	643
644	11	220
645	186	646
347	29	60
647	75	648
649	84	650
651	32	280
652	0	653
654	3	21
655	22	146
656	26	657
153	47	299
658	16	659
660	40	331
184	15	46
37	60	661
662	55	291
562	22	378
663	9	34
664	3	21
665	171	666
149	105	230
667	16	668
669	7	437
670	46	671
119	19	114
672	26	673
674	26	170
675	6	676
677	11	220
678	29	513
679	20	377
680	36	681
682	92	182
683	48	557
44	16	174
684	1	685
686	170	1
442	36	687
688	22	146
689	122	690
691	6	692
693	16	694
9	70	695
447	127	696
16	9	593
586	109	697
698	158	699
153	47	700
701	160	214
702	3	48
323	22	377
405	34	703
704	171	144
192	16	171
369	74	302
705	137	212
100	75	706
53	6	707
708	4	76
500	6	709
125	7	710
711	143	25
712	35	713
35	52	714
570	22	378
369	7	10
142	46	715
716	22	2
717	39	616
569	177	718
719	3	29
720	33	721
722	115	723
724	26	725
726	36	515
727	3	21
728	45	729
730	29	731
732	164	733
273	9	734
162	7	735
736	0	737
543	6	514
14	35	738
739	99	360
740	4	76
397	1	396
401	75	706
3	97	2
741	26	132
411	9	742
743	178	744
745	6	746
22	40	23
476	158	747
573	30	126
748	3	29
749	35	266
557	35	750
336	22	146
252	14	484
516	19	656
636	46	363
297	47	122
751	64	131
752	7	753
754	45	37
755	36	756
757	11	758
759	3	29
760	38	78
492	135	761
762	30	763
764	29	157
765	16	766
533	35	765
767	26	768
769	38	78
506	3	29
704	7	251
770	22	567
771	81	772
773	143	774
775	16	528
776	35	777
593	81	528
778	29	779
780	3	29
781	123	601
536	181	782
593	116	2
783	81	61
784	46	785
786	36	787
788	3	48
789	6	790
791	156	792
793	68	794
795	19	796
797	7	587
798	3	29
233	105	234
799	66	629
800	36	103
412	45	404
801	157	802
543	36	803
804	81	61
328	7	327
99	15	46
805	16	491
411	9	806
704	171	807
808	16	101
809	1	636
810	163	811
469	6	468
812	22	2
813	1	814
128	7	414
815	16	816
527	30	170
41	19	817
818	146	7
819	0	70
802	157	801
820	143	25
307	9	821
707	6	468
822	3	21
265	47	156
424	153	823
824	74	2
684	45	404
634	157	825
826	3	48
827	34	828
829	34	830
704	171	831
415	127	696
832	3	48
833	11	834
139	160	835
174	8	836
613	7	255
837	48	838
267	6	161
466	15	46
149	14	20
182	15	204
839	123	840
841	43	95
842	45	151
741	30	132
727	140	843
844	7	845
846	34	847
848	15	46
849	3	29
331	40	660
631	3	29
327	179	850
119	9	851
627	45	82
663	9	277
656	16	101
852	4	76
452	34	853
228	40	471
854	22	378
855	158	856
455	35	206
857	47	858
605	38	78
859	116	170
686	6	860
651	32	95
802	14	242
710	7	125
861	26	170
862	35	863
864	64	865
600	116	170
866	26	170
297	47	867
16	9	868
109	116	869
870	79	421
871	110	872
805	135	873
557	35	874
397	109	875
876	126	877
878	143	25
879	16	880
557	35	881
75	3	48
381	30	382
807	1	882
883	99	360
884	3	29
668	19	885
886	3	21
838	48	557
887	89	265
561	16	129
648	26	170
888	89	815
889	115	890
205	35	891
16	9	515
892	39	616
893	117	894
712	35	895
68	33	67
896	116	170
897	81	183
205	35	863
752	173	898
899	6	623
594	137	549
268	140	98
528	9	900
901	30	902
826	105	20
616	40	903
904	7	905
469	3	29
884	125	881
906	87	304
907	22	377
908	62	909
910	200	911
11	4	76
109	81	174
912	3	21
913	16	119
383	37	914
613	7	598
915	3	29
916	3	21
917	36	918
268	30	170
32	22	378
813	62	919
920	46	222
921	78	922
188	3	29
923	6	924
781	81	925
514	6	53
926	81	273
277	81	927
69	22	643
683	35	928
557	35	929
242	3	29
378	207	930
931	75	932
639	81	663
933	139	136
677	143	25
225	36	934
469	14	935
540	3	236
936	127	88
378	207	13
937	36	326
460	6	938
275	12	542
557	35	939
940	15	941
117	14	118
930	29	567
942	3	29
588	19	192
718	33	424
279	81	411
712	35	943
572	6	938
114	16	119
557	35	944
945	15	46
769	22	146
946	46	947
948	6	949
616	37	818
320	160	311
11	6	10
115	34	777
441	11	950
124	45	19
951	3	29
952	21	459
402	46	38
357	6	953
609	36	165
455	35	954
955	3	29
956	45	490
957	66	350
958	26	959
452	34	960
961	107	962
458	8	391
963	3	21
265	16	433
964	22	2
965	9	966
460	7	393
967	110	409
920	6	240
863	16	63
905	4	76
749	35	369
320	108	968
925	9	969
970	19	971
316	6	972
973	84	170
179	16	71
974	3	29
671	1	248
207	30	975
608	38	976
977	81	183
738	39	616
978	3	29
979	7	587
980	31	981
982	15	46
35	12	983
316	7	972
984	22	146
985	8	391
925	9	329
986	6	987
6	35	988
232	36	231
989	22	2
990	3	29
142	46	991
683	35	118
989	22	146
221	9	178
992	3	21
899	14	459
933	11	921
113	22	146
303	128	304
922	70	993
994	64	995
996	3	29
228	40	793
997	0	678
119	9	661
998	76	168
999	3	29
121	9	1000
291	46	222
793	146	1001
795	9	493
841	45	82
388	47	1002
1003	31	1004
1005	6	1006
305	6	899
757	11	834
1007	123	840
1008	36	1009
1010	20	447
171	9	560
495	4	76
900	15	46
595	20	378
570	22	13
594	137	212
849	36	1011
978	7	335
1012	36	1013
998	76	1014
1015	15	46
876	126	1016
1017	81	1018
1019	210	649
1020	70	1021
1022	36	1023
214	0	747
1024	7	1025
528	19	1026
1027	54	1028
317	22	378
754	45	82
95	46	277
1029	6	459
214	126	348
746	46	1030
1031	46	1032
1033	4	76
1034	155	1035
1036	35	1037
1038	3	29
793	37	1039
735	6	572
1040	107	1041
829	34	1025
813	81	408
499	84	170
307	9	81
616	146	750
1042	3	29
968	160	106
500	36	858
1043	187	633
1044	43	1045
726	7	1046
221	9	120
669	46	1047
1048	62	318
151	60	1049
1050	3	29
35	12	1051
35	12	1052
1053	15	46
456	3	21
1054	89	1055
1056	127	310
1057	204	1058
712	35	942
672	39	383
1059	123	601
1060	36	1061
1062	156	792
153	47	897
1063	34	1064
815	47	888
532	6	206
338	36	1065
1066	6	1067
843	140	727
146	207	566
636	26	170
253	6	393
1022	46	1023
1068	3	29
1069	7	525
299	38	78
1070	121	1071
1072	3	29
819	164	1073
1074	34	1075
1076	38	78
1077	81	1078
1079	54	387
516	19	1080
410	3	21
769	116	517
533	35	954
448	4	76
482	34	226
1081	6	316
516	19	727
500	36	505
1082	11	950
924	3	29
652	54	1083
820	11	220
455	35	1084
916	3	29
1085	36	1086
592	39	616
432	126	1087
142	47	1088
910	200	1089
1048	41	342
95	46	803
1090	45	490
557	35	1050
1091	30	170
1092	3	29
1093	115	1094
1095	31	1096
167	76	1097
1098	3	21
1099	105	986
1100	116	170
1101	120	1102
1103	25	282
1104	7	47
16	9	67
1105	30	1106
789	16	485
1107	4	76
1108	66	304
1109	105	935
1110	176	947
532	6	939
837	35	427
1029	4	76
1111	99	360
507	125	1112
753	173	1030
1113	36	148
238	29	60
1114	111	932
723	25	282
1115	45	82
1116	4	76
192	176	898
1117	7	249
945	81	171
225	6	1118
1119	70	9
1120	6	381
1121	26	170
262	4	76
1122	16	174
153	47	1059
514	7	1022
710	16	1123
338	36	1124
266	3	29
452	34	1125
266	18	1126
705	163	549
925	9	639
303	87	629
1127	208	1128
1129	22	157
1130	35	1131
1132	46	1133
656	16	588
718	153	823
1134	6	102
603	14	884
1135	116	170
1136	30	902
1054	15	941
1137	16	880
1138	116	170
486	177	1139
1140	3	48
789	6	1084
108	16	61
616	40	1039
636	46	809
1141	89	265
616	37	22
81	15	941
119	9	586
749	35	226
1142	34	1143
349	16	1144
640	3	21
789	3	29
1145	56	1146
788	16	171
1131	39	903
725	29	170
271	33	270
247	155	1147
1148	156	792
1149	14	1150
350	44	1151
535	64	1152
1153	20	146
845	171	1154
1155	29	1156
1157	11	1158
1159	168	203
178	22	1160
549	20	1161
546	3	29
357	4	76
556	105	49
354	3	48
1162	26	876
161	7	267
1163	1	1164
924	7	923
620	7	460
1165	170	1166
1167	100	1168
284	1	192
352	36	1169
1170	47	859
251	171	1171
552	46	1172
455	35	789
955	26	1173
101	9	1174
303	87	350
1022	6	145
1175	3	21
727	3	29
1176	70	695
1053	45	151
331	23	591
580	19	249
1177	33	363
717	16	63
589	6	1178
1179	16	491
1126	6	266
1180	15	46
760	45	490
1181	15	46
710	6	125
36	64	540
586	81	273
23	68	830
1008	3	29
646	3	21
832	16	491
593	22	377
6	35	1182
1183	128	304
957	66	629
192	105	420
1184	4	76
1185	127	578
1107	3	29
1186	30	449
1052	64	26
104	6	948
35	12	237
1187	36	984
901	3	29
1188	30	126
1189	56	1190
43	22	146
337	110	1133
1191	9	1192
1193	70	1194
1039	146	1001
576	34	112
23	37	22
153	47	1195
104	7	1196
1197	75	561
1198	3	29
1199	116	170
139	108	138
1200	6	759
1201	45	597
1135	45	82
234	7	852
1077	45	19
104	6	1202
1203	143	1204
777	16	1205
1206	21	149
473	116	1206
279	45	404
93	16	16
1207	15	46
80	3	29
471	68	1208
752	6	746
66	101	976
256	16	795
1209	3	29
726	6	127
1210	9	409
452	34	1211
367	46	251
1212	36	343
1201	81	221
1213	30	170
221	9	274
470	38	78
1214	171	1215
252	6	752
607	35	1216
200	46	581
49	16	663
72	1	399
1217	46	872
366	6	97
1218	22	447
482	34	209
1219	3	29
1220	32	648
1221	151	856
325	37	23
94	22	13
529	22	377
491	19	50
337	32	442
923	3	29
1222	3	21
1061	15	46
151	60	154
267	7	735
582	26	170
1223	3	29
70	127	88
1224	6	1225
1226	36	1227
323	22	13
1228	23	914
663	9	1229
1230	6	469
1231	137	1010
11	16	622
1232	32	665
1233	22	2
1234	6	1029
1235	6	1236
1237	105	1238
1026	16	16
808	46	1174
657	117	1239
900	45	19
1240	158	1241
1240	158	36
1242	36	529
1009	15	204
286	26	1243
330	40	325
1226	179	245
481	89	265
8	147	1244
1245	128	350
1246	4	76
1247	16	491
445	70	444
1248	3	21
153	47	1249
1250	39	616
156	22	146
1251	54	1252
111	32	381
1253	36	809
591	40	641
270	22	146
93	46	62
1018	9	991
1189	56	1254
533	35	1255
1226	3	29
702	7	58
718	45	82
221	9	1256
1257	3	29
86	54	177
291	3	48
1234	125	459
65	127	310
444	202	88
1258	8	1259
471	68	116
1260	29	1261
192	46	898
396	3	21
1159	82	203
780	36	110
1067	7	1262
69	97	87
266	14	117
984	22	2
1263	15	46
1007	143	25
624	22	146
588	19	280
1259	32	1006
1264	11	921
1265	160	214
1199	123	601
139	108	1266
331	40	23
1076	45	82
167	76	1267
1268	19	192
1269	16	659
1127	53	1270
1210	8	1259
108	46	109
552	36	1271
953	36	1272
542	64	648
64	16	63
1273	48	683
16	9	842
770	22	2
1274	4	76
190	76	1275
316	7	1276
5	30	1277
952	126	348
254	6	398
1278	16	307
378	207	1279
1280	35	264
1281	84	650
23	40	228
1282	62	620
460	7	398
282	44	723
756	43	1283
1209	16	1018
567	127	88
1284	81	411
1285	127	498
1286	43	1287
251	7	704
706	26	170
119	9	109
481	22	146
588	9	222
1288	35	1289
816	19	1290
1291	56	1254
229	143	792
1292	6	1293
636	36	363
1294	151	251
1295	123	840
273	9	148
651	32	53
1296	3	29
1297	6	582
906	66	304
1298	22	378
793	68	1299
167	76	1275
1235	36	68
1300	36	1301
170	21	682
727	105	255
675	30	170
1302	7	1247
1138	116	1303
153	47	1304
595	20	377
280	6	398
1305	62	1072
1306	36	1307
1008	4	76
469	16	71
834	180	78
425	153	823
944	16	491
152	81	925
478	62	1255
243	16	659
892	135	673
875	3	21
58	3	29
1308	36	1309
772	9	1032
660	40	641
194	81	221
307	8	871
1189	156	792
742	81	307
706	36	401
559	3	21
727	14	413
295	181	757
1310	44	1311
41	19	357
409	1	255
1312	6	1313
1314	64	456
1315	36	1316
1317	64	1318
1319	192	1320
1321	193	1322
1323	41	246
334	40	818
1324	116	1325
229	64	1326
557	35	1327
596	45	19
1328	60	585
398	7	460
1329	0	1330
836	110	194
497	64	1331
526	16	880
38	22	377
1332	29	1333
995	26	170
897	81	119
190	76	1334
1029	6	1234
1335	22	13
913	6	1336
1337	42	170
544	81	588
151	60	1338
573	46	1339
1340	190	1158
455	35	1341
1068	16	568
931	43	95
1025	7	105
171	9	1342
1343	160	214
335	36	1316
54	15	46
1344	29	1345
1346	21	20
557	35	1347
1348	6	1349
557	35	1219
1023	75	1350
221	9	67
418	31	519
1123	9	292
1351	193	1119
1352	12	1353
1173	194	1354
1355	169	2
528	9	124
1356	44	1357
1358	6	11
1359	3	21
127	16	71
1009	15	46
684	15	46
679	20	378
221	9	505
1360	108	1361
405	34	631
307	9	1076
625	15	46
1362	29	1363
1306	46	854
1364	45	404
1365	177	1366
1367	3	29
1109	13	1368
436	6	1060
1369	38	1355
55	6	602
1370	89	388
1235	3	29
226	3	29
1035	107	348
220	78	825
104	6	759
1371	26	1372
607	48	1373
783	38	78
1374	3	372
1375	26	170
1376	29	1377
1378	74	1206
1379	64	1380
53	6	79
109	97	2
161	7	938
106	0	1381
252	46	898
1382	31	430
302	118	1383
1044	45	151
543	16	528
1266	160	238
248	14	1384
1385	64	1386
562	15	46
1315	3	29
757	64	695
1144	19	534
109	1	108
1387	26	170
1388	7	366
455	35	369
420	3	29
1389	30	1390
496	16	927
1391	48	1288
350	44	906
1392	15	46
1393	111	1394
460	6	267
139	160	238
1280	35	891
830	16	1205
598	6	599
712	35	658
1109	3	29
879	7	525
1151	128	629
1395	15	46
1396	54	876
400	9	1163
1397	16	766
925	9	505
1335	43	917
1398	121	238
332	3	29
1399	32	1400
753	46	1133
1073	0	952
1031	6	865
1299	26	214
541	12	1401
616	146	1211
416	207	415
1269	26	1206
465	33	1402
1201	81	119
161	6	316
411	9	593
662	55	496
712	35	1403
149	6	192
1284	33	300
712	35	369
452	34	1341
1404	156	774
1405	36	1406
1407	54	876
232	16	71
451	15	46
1408	6	1409
1410	60	1301
1411	22	146
838	35	1412
825	157	634
1191	9	931
254	6	253
1112	84	1413
1414	4	76
1202	26	214
1317	139	136
105	6	1200
1210	9	1282
749	35	105
1415	6	1388
320	108	1416
780	16	588
79	6	802
1417	16	610
1418	19	948
938	7	161
1419	26	132
854	1	1306
1420	35	1421
1422	52	1423
1222	10	488
1406	22	378
1424	3	1425
128	6	79
144	116	1303
1426	22	377
656	16	16
969	22	378
316	7	460
501	15	1427
1428	75	1350
955	3	48
956	15	46
811	20	1429
1430	45	82
1431	147	1432
1433	3	29
1434	29	764
1435	36	1364
1436	200	1437
477	44	476
1438	64	1439
697	46	274
1075	16	659
805	46	900
1440	31	981
158	6	188
808	46	1441
332	105	1341
1026	84	1442
97	7	1415
813	62	814
1443	29	673
935	14	1444
1445	36	172
408	19	953
277	210	1446
1447	75	1448
1039	37	23
565	160	285
989	22	377
346	6	815
1449	39	383
275	12	1450
1199	45	729
248	36	671
265	46	269
557	35	1451
613	16	795
363	45	82
316	30	1452
536	181	1453
1454	0	1455
233	26	126
91	41	1456
1360	160	311
586	75	1457
732	127	88
1060	6	1458
316	26	1452
515	81	101
829	34	558
1145	56	1459
1370	22	2
59	84	170
190	76	1014
953	16	408
111	32	794
590	3	21
379	45	166
1460	45	82
965	19	388
1461	34	750
1462	88	632
1463	34	290
1272	165	1464
221	9	1129
101	19	93
1465	187	52
194	15	46
234	36	1466
1467	6	1468
1210	9	831
460	7	316
665	171	1469
233	3	29
712	35	1470
32	22	377
524	127	66
170	0	1325
455	35	349
152	22	524
1084	6	790
965	9	1447
92	3	29
1065	45	1471
131	4	76
735	7	938
1426	208	1128
1472	4	76
303	128	629
572	6	162
180	19	179
1056	127	578
1473	16	694
1474	22	378
312	11	1475
433	8	175
439	62	1237
897	150	1336
145	6	514
1476	19	1477
776	35	1478
1378	36	451
1479	7	615
965	9	501
726	46	515
307	9	734
6	35	1001
801	157	1109
1458	46	851
199	16	61
659	19	49
1480	45	1481
566	207	930
152	81	663
1482	7	1483
1484	44	799
253	7	254
254	7	398
705	163	679
1485	115	1486
851	22	146
704	171	91
456	14	682
1487	15	46
171	19	1219
1435	13	584
583	46	812
325	40	616
1074	34	197
629	44	957
311	126	1087
1109	172	801
978	107	1488
946	7	1110
387	0	1489
5	14	258
1245	87	350
757	11	921
599	6	613
211	163	549
991	81	1018
109	22	87
977	15	46
562	1	57
776	35	7
1490	3	1491
1492	89	142
766	19	860
935	14	469
1493	16	1018
411	9	821
603	172	1084
726	36	1324
628	128	350
898	1	251
1473	24	2
439	41	1471
1494	30	126
1104	3	29
1495	31	1496
1497	16	927
1498	0	876
1408	6	789
384	66	350
129	9	1499
521	108	1500
1339	1	649
1501	203	1360
97	46	251
1124	15	46
1502	45	151
1349	7	1224
683	35	1050
428	15	1427
1503	70	695
1504	29	657
199	3	29
536	181	1505
502	127	88
1506	26	1243
211	163	679
977	81	925
1051	143	25
1150	3	29
1507	38	78
317	22	157
255	7	598
137	22	2
1426	22	146
22	40	228
1508	24	146
526	7	525
393	6	460
1509	3	21
1009	1	1008
536	181	1510
13	127	310
875	3	29
459	26	170
1511	110	493
882	3	21
106	0	1512
1513	30	126
53	46	1181
106	0	1303
1320	72	106
1514	19	830
1515	36	1076
313	6	1516
563	36	1141
708	26	449
738	3	1517
0	34	1518
345	111	1290
1519	36	787
1052	64	713
221	9	1520
1283	3	372
830	16	1514
738	4	76
1192	15	46
552	36	1172
2	60	1015
723	158	1521
1388	6	366
947	62	1522
297	47	298
1523	169	157
1524	44	1525
331	40	818
293	6	456
705	201	502
795	9	409
1526	26	170
307	9	1000
749	35	1527
43	45	82
251	46	1030
399	26	1528
964	22	146
532	3	29
0	34	942
1529	6	395
1447	45	181
125	7	423
905	39	616
1228	37	227
1236	6	514
254	36	1530
220	78	1531
703	16	1532
670	92	1351
1533	42	170
475	8	111
1534	139	136
1535	6	398
1085	16	1123
232	36	553
357	36	18
1536	7	704
825	36	1272
53	16	101
101	9	279
434	32	702
1537	16	63
1519	30	1538
389	15	46
291	36	222
1539	76	168
746	6	752
1540	70	1541
201	45	151
1542	3	48
41	19	55
1388	30	382
1543	45	82
268	4	76
1544	3	29
1450	64	1545
1546	3	29
557	35	1547
1511	32	1022
411	9	1548
1528	194	285
1002	109	1278
790	26	1390
151	60	1549
604	14	414
1550	48	557
1551	15	1427
892	6	592
105	7	104
446	22	522
459	125	552
140	97	2
1552	32	814
1420	48	455
1553	55	1554
1555	181	1556
1348	36	172
612	60	1309
555	36	100
528	9	343
68	97	146
939	6	532
455	35	951
1436	200	1557
1269	6	1558
680	36	1559
592	6	10
900	81	1191
184	113	1560
1561	16	61
146	0	1562
1563	16	663
1564	156	792
1303	118	1145
1458	7	1143
162	36	401
1565	22	2
249	7	1117
1278	46	897
1018	9	103
1566	99	360
1567	3	1491
1188	36	803
1143	7	1458
1568	15	1569
1411	22	378
215	0	370
1570	8	1571
192	46	284
1572	0	385
1573	19	1098
1065	45	151
316	6	267
1574	6	1312
793	40	228
422	46	600
1575	32	1576
172	33	1002
1348	36	1466
735	6	460
1385	139	136
681	22	377
884	26	1413
1395	116	170
423	16	408
766	19	64
1577	189	1578
286	4	76
1227	45	1579
192	16	588
1167	136	1429
1580	0	417
352	7	797
301	159	1581
1582	99	360
400	19	1583
1205	8	391
37	60	435
452	34	206
405	34	7
1584	11	921
835	126	1585
1586	22	524
1255	4	76
1497	3	29
1291	56	1146
361	155	1587
282	44	1588
624	22	567
397	15	46
318	16	795
101	9	1589
255	4	76
953	3	29
1406	22	87
153	47	806
1576	36	1127
1025	46	466
388	47	1139
1590	155	1591
1592	64	1593
744	30	1594
221	9	466
898	62	801
412	45	729
1586	22	1434
1193	70	85
1595	30	170
1596	81	41
137	22	378
1597	107	348
543	6	1022
1598	38	78
192	70	955
196	46	1065
1314	143	792
421	116	170
1500	160	835
363	38	78
1219	16	1532
69	22	378
1232	32	815
1511	32	179
649	6	1599
557	35	1037
1600	62	1147
1601	107	407
1602	118	1603
913	46	803
138	160	311
493	1	587
1209	3	21
1473	3	21
1104	6	47
405	34	1604
405	34	948
1605	0	1606
130	1	913
72	75	932
255	7	256
1607	22	378
539	43	509
14	35	765
796	36	728
1318	203	565
1297	7	582
1268	19	193
630	11	40
104	16	1608
413	14	727
71	9	783
1381	121	106
275	12	1609
194	116	1325
1610	142	1611
141	22	157
1612	3	29
666	45	1410
865	135	170
1284	45	729
173	116	126
1613	30	1614
524	127	88
1615	7	514
1143	6	1458
22	40	1616
411	9	1598
1330	142	1329
1129	15	46
111	32	592
238	0	126
497	123	840
1304	89	153
1288	35	1617
1209	84	1618
1436	200	1486
35	12	1438
222	45	597
1619	3	29
747	143	792
1620	45	729
1049	45	151
1621	46	100
162	6	267
1622	3	29
1067	3	29
334	37	471
97	6	1415
897	1	1336
1623	173	1624
109	22	2
1023	113	1022
61	9	1426
297	47	1342
56	89	815
212	20	157
169	209	1533
937	36	1426
1209	30	1390
336	97	567
1625	4	76
92	36	110
752	7	745
1626	6	534
1401	64	1627
1060	6	669
1122	105	825
198	1	1219
1218	22	170
1445	16	171
803	45	151
338	36	298
86	117	1239
830	39	228
1628	3	29
599	6	256
465	33	1284
1153	20	447
1082	11	921
1629	36	323
615	6	614
1630	16	663
43	22	378
942	16	766
202	121	736
542	64	1631
1632	177	173
1633	16	171
957	158	856
212	20	146
805	30	873
1002	45	82
1022	16	129
1279	29	550
1634	88	1603
662	55	1635
1636	36	1637
875	46	397
172	15	941
1638	70	1639
459	16	528
143	89	142
94	22	378
1234	26	126
902	194	1640
1123	9	1154
1145	158	385
706	92	1641
616	40	1642
205	35	717
1225	6	1643
32	22	1434
525	7	879
1152	26	170
193	14	801
105	46	501
1644	3	48
986	6	1623
903	40	22
574	6	573
256	6	598
263	35	1327
1645	26	1646
851	45	404
1522	36	1000
629	44	384
653	194	652
111	32	104
802	6	79
1647	3	29
953	6	357
1648	110	1649
1650	1	1576
1651	123	601
420	4	76
400	19	1187
1652	15	46
1653	16	659
892	6	349
38	111	932
151	60	1654
615	6	1479
422	47	150
1602	194	1655
474	16	1018
532	151	829
1656	35	1657
193	70	955
662	55	1658
1659	99	360
1244	181	1660
1084	16	622
1661	4	76
455	35	1409
926	89	857
1474	45	82
814	46	813
252	7	251
366	6	367
282	44	1662
747	11	834
497	64	1067
192	70	1663
1126	26	1664
1665	136	1666
205	35	453
1667	109	1668
461	3	29
937	36	564
1669	136	657
1622	46	1624
1048	62	1331
1670	200	1291
93	3	29
322	127	578
452	34	1518
214	126	1585
1671	6	1118
411	8	1220
1081	3	29
749	35	1604
292	1	1672
1673	100	157
214	126	877
199	36	1197
437	7	669
802	4	76
795	19	158
133	89	142
119	9	977
383	146	1674
506	3	48
1589	15	46
208	26	214
1150	14	1675
1195	45	82
144	62	514
1240	156	792
1628	3	21
940	22	2
556	16	1418
1145	158	1052
906	87	629
1676	9	1677
1552	110	908
1154	45	1410
1308	3	29
1678	174	690
557	35	1679
1680	3	372
266	14	1681
327	7	328
190	76	1682
514	6	145
938	6	735
1601	4	76
1683	127	578
686	3	29
114	6	1684
854	22	87
171	9	424
71	19	469
937	36	1685
388	46	472
749	35	1686
316	7	735
663	9	1549
1352	12	699
602	16	408
1142	34	1403
22	68	759
1164	173	1163
106	0	1320
54	45	82
587	7	352
1687	177	329
721	89	155
1688	8	111
1689	31	1690
701	160	106
1691	88	1692
1307	22	378
1693	36	1271
228	40	616
1159	2	203
423	6	125
1450	11	1694
1256	15	46
907	22	378
1361	160	285
304	44	628
1450	143	1204
593	22	13
275	12	1695
1696	116	1697
60	126	1016
62	15	1698
749	35	1408
926	45	19
1699	45	82
1020	70	1591
1232	32	913
16	9	110
460	6	735
1675	14	1150
1626	16	1144
221	9	34
1608	19	104
1157	64	1700
762	46	1129
350	44	1245
492	16	491
1229	45	151
32	45	195
307	9	1321
336	15	46
16	19	1308
1589	45	19
2	117	1239
1080	36	403
1090	45	1701
1675	115	1702
1703	24	377
495	3	29
1060	3	29
1584	11	834
50	46	1620
1236	6	1235
456	6	293
1327	39	23
858	15	46
909	46	908
1704	35	891
398	7	254
111	32	805
1271	81	1191
377	0	1705
227	68	794
1706	41	246
842	165	1707
630	143	792
710	3	29
1191	8	1232
1708	3	29
1318	26	1709
151	60	1044
967	110	62
26	3	29
1710	139	136
1648	32	1711
1018	19	474
1099	3	29
1212	4	76
350	44	1108
414	6	128
183	9	608
161	6	267
1712	20	378
1353	64	1713
521	108	1416
1230	16	71
1714	19	49
1715	0	1716
1380	3	21
646	46	1717
1718	100	1719
1191	9	867
1720	160	214
146	133	705
712	35	1451
591	40	227
682	36	1721
137	1	986
899	46	715
1722	3	48
1723	16	171
876	0	1353
431	93	157
920	36	596
1449	39	616
1247	6	1302
1399	32	656
1398	11	834
484	6	825
267	6	735
55	6	461
153	47	314
854	22	146
190	76	1097
1440	115	519
497	64	986
1444	26	1243
550	29	65
1724	32	1725
0	34	1289
391	32	427
1726	3	1491
913	7	1336
1727	106	1728
477	44	1588
1307	1	1306
1551	15	46
669	36	1047
1238	3	29
431	93	416
374	165	1707
1729	186	532
1130	35	1730
1474	75	1350
713	16	659
1272	38	78
751	64	305
151	60	1138
1731	211	1732
364	36	1395
1531	3	29
1418	8	391
1229	116	170
1609	141	1733
1734	30	126
83	62	1735
200	105	602
734	45	82
158	16	795
75	3	29
500	36	1685
1736	34	740
442	46	1737
49	105	556
749	35	192
1738	40	641
443	116	1739
1740	48	557
1398	64	1741
1637	89	265
1742	7	1494
623	6	436
1743	55	444
482	34	1451
1024	7	95
1744	64	1661
712	35	117
385	143	1204
151	60	842
663	9	69
1745	183	1294
1201	81	663
793	40	227
1746	13	520
688	15	46
568	19	1068
35	12	1747
1748	3	29
1749	89	1750
403	15	46
1751	0	1752
499	3	29
1463	34	802
1139	38	78
1033	26	170
1721	113	682
1753	123	601
86	117	894
277	1	1446
267	7	938
796	3	29
1500	160	106
1108	128	350
1483	16	244
595	20	13
225	70	243
862	35	1754
1377	117	1239
756	15	46
776	35	1755
1300	3	29
845	171	666
282	44	1043
444	70	445
465	33	299
1526	3	48
1756	22	87
1172	15	46
392	9	1030
1451	16	63
1757	34	1421
1183	158	36
285	126	962
826	3	29
81	1	1643
1758	29	1759
1760	72	60
1312	7	365
291	6	1761
1643	6	1225
1342	111	1290
1126	30	1664
128	7	726
481	22	377
447	127	88
1542	3	29
454	45	1328
704	46	1762
898	1	1526
631	26	170
555	36	684
362	3	29
598	7	255
437	6	669
1763	11	1158
140	45	729
253	16	171
332	18	1341
1139	15	46
1764	3	236
1194	70	695
198	22	2
706	92	721
1399	110	182
1126	36	964
1318	203	1266
1460	81	1765
300	45	82
528	19	1629
810	137	811
55	16	408
1766	34	1767
497	143	25
1407	29	1396
1187	16	400
780	16	1123
1768	0	1769
1608	8	391
857	47	868
459	157	230
17	165	1464
1029	7	1234
1234	7	1029
1435	16	16
1770	24	146
350	44	1771
1583	36	1772
381	6	1472
1773	35	1269
1639	3	48
101	9	99
1643	46	81
616	40	1738
325	40	228
1230	36	1774
1436	200	1775
16	19	514
1307	22	377
640	36	639
253	6	460
1353	127	498
459	3	29
1256	111	346
937	3	48
1776	22	87
567	0	566
205	48	1280
693	3	21
1777	3	21
935	3	1425
602	6	1081
1734	36	896
749	35	15
1778	26	1779
1780	156	792
706	84	1618
804	111	456
1230	16	528
336	150	1336
1781	1	240
432	126	348
663	9	1650
699	64	127
790	30	1390
947	1	1110
130	1	1022
1188	176	898
1782	3	29
459	14	552
192	70	506
14	35	1412
1608	19	948
493	62	979
421	123	601
393	3	21
580	9	813
1783	45	166
1577	45	82
1432	114	835
1237	3	29
367	7	366
479	46	851
641	40	660
593	22	567
1290	151	297
93	16	1123
736	0	1401
1784	30	126
1785	14	262
289	35	1451
1034	155	1786
985	19	225
1662	158	497
1307	81	547
1113	3	29
434	110	734
509	3	1425
94	22	502
1787	42	170
1743	55	262
1539	76	1788
305	3	29
80	36	1789
1790	69	276
126	142	1791
542	64	707
1792	155	1713
335	3	29
459	172	230
1026	6	232
930	61	13
146	0	1793
452	34	1299
464	4	76
549	20	447
952	126	1016
1794	46	806
1574	6	364
167	76	1682
1389	3	29
1022	6	543
265	47	639
1030	1	746
193	70	506
1795	123	601
1276	18	899
17	81	16
338	30	126
770	22	157
685	36	684
1386	36	1338
298	75	1796
23	40	616
810	137	549
1498	0	311
542	64	1509
238	0	1797
1044	15	46
499	3	21
570	15	46
68	53	1242
991	15	1427
514	3	21
240	36	222
71	9	1798
1174	45	82
1609	11	921
949	6	1250
142	46	336
775	3	29
1085	6	145
692	6	691
1648	32	780
690	205	689
1742	6	879
38	113	402
1384	3	29
1796	46	298
1799	6	1236
616	40	23
1800	81	772
11	7	369
238	0	237
1711	30	1413
285	0	1733
1520	89	857
1524	44	1801
973	3	29
1802	3	29
1468	6	1467
49	6	50
1803	169	2
588	9	1129
152	22	577
455	35	333
1	16	491
865	6	1031
251	171	1677
1804	26	60
161	7	162
1360	160	285
233	6	1230
1212	46	443
823	153	718
95	3	372
1234	3	1805
1218	15	46
222	81	41
997	0	513
1028	0	1027
151	60	72
188	36	1717
414	26	170
331	40	641
491	8	111
1713	151	833
905	30	170
1806	198	1807
680	46	681
642	3	21
858	103	344
1799	6	514
184	45	82
1808	15	204
151	60	34
721	116	170
634	26	170
918	45	82
128	6	53
1329	0	1106
588	9	68
1350	46	130
681	159	1581
1809	45	181
1184	3	29
624	22	378
1366	45	404
1516	36	274
1270	36	854
153	6	1810
1811	3	21
1812	71	1431
1299	84	725
1650	38	78
365	6	1813
1717	1	646
456	16	588
967	110	336
350	44	628
526	7	879
1814	32	1149
1815	39	471
612	177	301
1783	15	46
1816	142	1817
460	6	398
1784	3	372
171	19	1026
1279	127	88
1106	29	1330
20	157	1445
534	7	1626
221	9	1589
1063	34	1255
394	15	46
1818	3	21
914	37	616
1400	3	29
1095	115	1096
749	35	290
1819	142	1820
595	20	522
1801	156	774
127	6	414
239	64	1821
1224	36	1822
400	9	1823
639	89	265
712	35	1257
602	6	1270
1824	26	106
1119	70	1825
497	11	834
1826	4	76
1827	3	29
1551	15	204
443	75	726
1122	105	210
277	38	78
1369	193	1828
623	6	669
1829	4	76
803	1	648
1830	3	29
628	87	1484
491	19	832
240	3	29
1432	114	60
528	9	593
347	0	1831
955	70	1300
1039	40	616
406	105	1109
1369	81	119
1832	6	1269
1245	66	304
727	36	544
1833	120	1834
60	126	1585
1835	4	76
861	7	545
1225	46	81
1375	3	1517
739	194	1836
1144	19	1302
1086	113	1837
1838	145	1839
173	22	13
193	16	1268
344	92	154
1184	30	170
1840	30	170
1841	121	238
967	32	456
474	30	170
497	64	318
783	81	180
459	36	389
1656	48	455
563	36	1809
663	9	1842
1843	35	1844
1845	211	1846
1151	66	350
258	30	170
167	76	1334
1039	175	1642
1847	4	76
149	36	1607
1462	136	1377
1848	3	21
1059	89	153
105	6	104
333	135	382
693	3	48
1683	127	88
400	9	1624
500	36	1286
456	6	623
1350	6	1022
1849	45	1701
801	176	898
26	4	76
395	6	1529
591	37	616
1019	45	490
1126	3	29
1850	3	29
196	16	663
1851	211	1852
539	116	170
1853	4	76
1410	60	1154
1663	3	29
1854	3	29
162	36	897
806	45	82
752	46	898
661	22	146
1855	3	29
1856	30	650
1707	46	374
1857	64	1858
1686	16	1688
1290	6	815
1236	6	468
2	21	1008
558	3	29
1827	4	76
171	9	823
455	35	163
1237	18	1238
1859	36	1860
408	9	1762
1861	3	29
94	116	126
514	6	953
818	40	331
324	3	29
1862	26	170
627	43	1784
71	9	1114
1130	35	635
104	6	1196
1863	177	897
1863	177	1076
706	3	21
1864	211	1865
1816	194	1817
824	16	1866
1576	46	1364
4	32	460
514	16	16
131	30	132
1829	13	257
128	6	986
446	22	377
1867	81	588
1752	64	253
849	36	868
1837	92	1086
663	9	100
1352	12	1868
493	1	352
1869	19	362
109	22	13
1044	81	71
1870	3	29
1871	3	29
1872	137	1010
1245	156	25
1873	45	82
764	29	1434
1739	99	360
1045	16	663
1391	48	1373
433	8	626
712	35	777
1053	45	1471
182	22	157
1874	26	170
71	19	727
987	6	986
955	30	1173
642	36	1875
285	126	348
848	111	932
1876	125	798
1877	36	579
1878	7	1483
1307	22	146
436	6	623
760	89	815
298	45	166
69	22	157
1595	26	170
63	8	111
192	26	725
1500	160	876
275	102	1503
543	7	1022
718	153	424
659	8	111
804	81	41
1225	6	1349
338	16	171
333	26	382
986	6	1022
1510	42	1377
167	76	1879
1008	36	666
1140	3	29
1075	16	491
815	47	113
1880	36	1717
663	9	1620
1520	81	1765
1881	3	29
1379	64	1467
1720	108	701
293	46	294
1636	36	1460
777	16	475
950	129	29
518	4	76
591	37	1642
705	137	549
1137	6	526
1882	4	76
602	3	29
713	4	76
1326	3	21
705	136	657
1883	38	78
1744	64	1828
561	3	21
662	55	1829
735	7	460
1120	84	170
1317	143	792
238	126	348
895	39	903
919	36	655
459	46	1030
1884	211	1885
1886	110	585
255	36	579
20	4	76
367	24	87
173	15	46
275	12	1584
588	9	67
1887	97	2
172	45	82
1354	192	1173
1888	1	1118
1889	3	29
1120	6	437
429	115	1890
307	9	593
162	6	316
182	111	1394
858	45	166
715	15	46
387	0	1079
1448	3	1491
1891	16	171
1080	3	29
123	3	29
521	108	968
1771	66	350
698	90	1892
299	45	729
528	9	1054
337	32	602
351	87	350
297	46	100
1893	3	29
1378	170	1894
60	0	1710
1402	33	299
144	62	1895
940	22	378
1896	143	25
749	35	951
556	46	103
735	7	162
22	68	1897
688	159	1581
746	3	29
57	36	562
1406	22	157
444	147	1432
1081	6	1270
356	19	953
540	13	1898
161	30	170
599	6	255
898	1	1187
221	9	888
817	36	241
1511	110	1174
1741	16	491
425	75	1899
1436	200	1900
221	9	544
594	137	679
303	66	350
320	160	106
279	45	82
1432	114	214
945	81	1018
1316	15	46
1901	41	82
985	19	955
699	11	220
1172	1	552
1583	46	1163
1552	32	1348
683	35	457
162	6	161
1126	157	266
1238	3	48
802	6	53
760	45	597
1902	136	1903
1863	177	133
1904	123	1905
1906	60	1100
106	0	1907
200	7	199
1908	3	29
903	37	616
462	29	1156
289	35	1347
339	30	170
1220	32	1661
592	3	29
796	6	1856
799	87	350
308	138	1446
256	7	598
231	15	46
49	6	1269
1909	19	1068
759	39	22
1361	160	106
1910	3	21
446	22	1429
929	4	76
551	14	552
141	22	378
1240	56	1190
142	6	1911
1462	136	1912
1648	110	1086
542	202	498
663	9	279
712	35	1674
1541	70	1913
20	6	149
275	12	1914
1915	34	750
748	4	76
707	6	1799
119	8	871
1629	16	528
704	42	170
62	45	19
995	3	29
708	3	29
107	121	106
1539	76	1916
1022	6	1826
1917	203	1360
23	37	471
1148	87	629
49	13	293
1918	16	766
249	26	250
1823	41	1471
145	3	29
726	7	128
1919	72	347
184	15	941
1211	16	659
569	177	133
551	4	76
1597	26	347
1280	48	205
1498	0	835
804	81	356
1608	8	111
265	47	148
205	35	1894
1266	160	106
599	7	256
1920	156	792
436	36	1047
1921	30	126
691	16	1532
1922	3	29
516	19	199
1247	6	1358
1923	4	76
1236	4	76
769	113	395
905	6	904
275	12	1592
23	40	818
1536	173	1924
249	6	1117
469	46	1011
479	30	1751
329	22	146
598	6	255
925	9	1798
1925	15	46
514	46	194
111	32	1832
1277	99	360
1926	84	170
49	16	659
1595	3	29
1272	45	597
712	35	686
95	46	931
1856	7	796
787	45	82
712	35	802
333	3	29
121	19	1126
1084	16	491
1326	3	29
1927	29	1928
753	173	1133
898	62	73
1511	110	593
1704	35	264
494	183	943
994	42	170
1158	180	834
1135	38	78
1076	15	941
1911	6	142
158	16	71
505	1	500
1191	9	1054
616	40	228
514	6	1236
400	9	1030
832	36	110
946	176	947
247	155	1104
1232	110	1133
1929	99	360
72	45	151
1319	29	1930
1821	4	76
1498	0	214
704	171	1762
127	7	726
828	16	458
494	183	332
880	19	1494
433	8	1648
855	158	36
153	47	152
1109	14	1368
1931	42	170
1798	81	180
145	6	543
1029	14	230
142	47	133
1932	30	959
546	36	1933
142	47	715
1934	22	146
1935	167	818
1426	1	1936
897	22	2
1937	177	173
345	22	2
345	22	377
1938	70	1176
468	36	1138
101	9	1641
493	62	587
357	46	804
855	56	1254
127	6	726
542	64	762
1313	7	1312
1668	30	126
173	45	82
1356	44	1311
305	26	86
1358	7	10
1939	26	214
369	6	10
1940	4	76
644	11	921
663	9	1888
409	62	613
1827	14	369
1112	125	507
1724	32	1120
949	7	948
386	29	1941
1942	3	21
1943	100	1168
1944	0	1303
955	70	506
528	9	173
1945	16	668
275	52	921
405	34	1131
862	35	1375
36	127	498
557	35	1537
1152	4	76
938	7	267
1946	16	1205
63	19	717
1116	3	29
808	36	1441
515	111	1217
1429	127	88
1464	46	1088
799	87	1484
1199	89	153
293	13	49
620	6	460
1450	123	840
514	6	1235
1947	181	1948
989	22	87
157	29	1434
1949	46	1192
1950	194	1951
491	8	391
978	7	899
221	9	1952
384	158	856
1222	10	1953
1070	123	840
227	40	793
1095	115	1954
14	35	592
760	45	166
1955	48	1956
1849	43	1957
800	3	29
1772	45	37
167	76	1788
460	7	161
684	45	82
557	35	118
393	6	253
1958	29	1155
712	35	1378
616	40	227
991	116	170
378	127	88
913	6	114
525	7	1069
1149	16	568
749	35	1449
1959	3	29
681	22	2
681	22	87
592	3	1425
1577	97	146
352	6	979
1331	36	1023
1526	173	898
1500	108	968
1279	127	66
1253	3	29
972	36	379
1960	29	1961
1307	113	1306
1416	108	1361
1962	45	166
1963	3	21
389	45	82
381	3	29
1234	3	29
852	6	1132
705	201	146
905	6	104
411	9	1964
398	46	279
263	48	557
286	6	1965
1966	3	29
439	81	408
1583	4	76
1741	6	1576
1139	81	528
285	206	1528
785	45	151
198	22	13
864	64	1187
1437	211	911
459	7	1234
623	26	1330
1967	156	792
1826	3	29
221	9	977
1067	7	1066
1124	89	265
1861	36	586
1968	29	1969
461	16	400
273	9	785
735	7	316
1223	4	76
1684	6	114
1022	36	501
1025	46	501
1970	139	136
142	6	192
1191	9	900
231	1	1026
1971	3	29
709	26	1972
1292	6	1973
442	6	1850
1853	10	78
1472	26	170
1382	31	1496
700	15	46
1233	22	377
1361	160	1572
726	36	539
1974	196	1975
801	105	1109
1500	108	1361
1312	6	1813
145	16	1123
1098	16	174
768	118	1976
999	176	898
1252	0	1251
174	8	434
133	75	467
1444	170	1977
138	108	565
1458	46	1978
423	6	710
542	123	840
805	16	63
1979	22	146
1290	16	816
905	26	170
793	40	1039
249	3	21
1888	111	1899
384	128	629
1518	170	1977
1980	113	682
1795	45	1701
577	127	66
307	9	279
1147	36	1981
1292	4	76
13	29	1279
628	66	350
1609	141	1528
808	36	1321
1339	81	41
621	1	620
749	35	1982
1983	3	29
1652	45	166
685	3	29
149	16	121
1500	160	347
898	7	251
151	60	803
858	38	78
1259	110	898
985	19	1389
1359	3	29
580	8	1259
1370	22	447
998	76	1275
1237	4	76
1626	3	29
101	9	593
899	26	1984
803	81	119
133	38	78
1110	26	170
1352	12	1438
375	70	1176
1431	177	1985
1432	114	311
932	30	1986
489	15	46
393	36	1822
1092	30	1987
1349	3	29
1012	3	48
252	3	29
1988	11	921
331	40	1738
989	22	378
275	12	630
1438	121	238
400	9	1989
1298	116	959
123	105	1847
1767	135	170
1990	45	404
1638	3	48
1249	89	1991
932	6	402
1992	72	214
335	7	978
1993	3	29
322	207	567
223	15	1427
352	6	587
1663	135	975
258	4	76
1994	16	71
101	9	100
1619	36	124
1159	11	834
1995	26	1996
1420	35	1341
543	6	145
266	6	1126
180	19	1022
920	16	16
892	30	673
816	8	1997
1499	41	19
16	19	656
1558	16	1144
588	9	279
156	22	377
304	44	303
500	46	505
1998	4	76
581	62	602
95	46	94
1206	117	894
587	6	352
850	1	327
1999	99	360
1084	105	603
151	60	194
1259	32	1638
1663	84	975
2000	3	48
193	46	473
1065	45	19
2001	177	605
1907	11	921
1734	36	1127
2002	30	170
920	3	29
663	9	586
55	6	1081
297	46	122
308	15	46
455	35	603
2003	15	46
1195	81	411
96	181	1058
887	15	46
299	45	404
1663	26	975
666	15	46
543	6	623
1349	6	1224
150	138	1726
334	40	1039
256	6	255
566	174	567
815	46	56
1127	22	146
1259	32	561
1843	35	1075
1322	16	637
734	81	273
56	45	166
334	37	22
32	22	146
1349	6	1225
1225	6	1348
401	1	402
783	89	1055
1685	15	1427
1268	8	391
1306	3	29
101	9	515
1022	7	543
716	22	378
2004	3	29
1132	36	918
1219	36	198
683	35	264
799	128	629
712	35	427
579	208	1128
53	6	468
14	35	226
1215	41	2005
2006	36	2007
221	9	1047
1174	38	78
2008	35	1248
698	56	1190
1565	15	46
690	127	66
1187	46	984
617	3	21
221	9	1392
129	9	409
2009	72	214
460	3	29
1748	4	76
58	7	57
1609	64	1388
531	208	1128
1500	108	1416
1052	123	840
238	0	1610
2010	64	93
141	15	46
546	6	545
949	6	860
1654	45	151
443	1	726
128	6	802
1282	41	37
712	35	2011
814	4	76
1549	1	602
192	6	149
2012	116	126
347	0	2013
118	4	76
965	8	1232
211	137	212
1302	16	491
907	22	13
165	45	19
1432	114	2014
304	44	799
27	19	26
1918	74	725
712	35	881
84	3	29
663	9	934
481	45	151
500	36	501
1483	7	1482
616	40	591
268	36	809
852	3	48
2015	30	170
795	9	2016
93	46	194
776	35	891
821	45	486
903	146	960
2017	45	82
812	22	146
1807	169	447
2018	29	2019
225	16	1514
295	161	2020
63	8	391
2021	48	1373
681	22	378
1214	171	2022
2023	149	1903
1827	16	491
1276	16	121
256	7	599
35	12	2024
938	3	29
272	1	265
820	11	504
1244	181	782
2016	1	704
2025	3	29
1432	114	876
1271	38	78
1163	81	400
178	22	2
2026	127	66
105	135	2009
542	64	2027
1266	160	285
1363	29	1362
67	97	146
311	126	1016
456	26	1452
1887	113	396
84	3	48
1482	6	1483
335	26	170
861	7	546
255	6	598
1205	19	230
282	44	476
1458	36	1783
377	133	810
1360	108	521
92	26	170
1262	6	1066
38	45	37
139	160	106
717	3	29
357	36	1017
442	3	29
391	32	717
577	127	310
1546	3	21
146	0	1646
300	145	1620
79	6	814
1150	4	76
505	22	157
732	127	66
713	30	2028
98	46	1520
1480	45	166
1436	200	430
431	93	2
1312	7	1313
1302	6	1247
985	19	207
387	206	1489
1004	156	792
327	46	850
2029	3	21
863	16	766
680	36	900
1384	14	248
722	26	170
1242	16	795
520	30	463
307	9	2030
1645	30	1646
898	62	484
917	3	1425
1893	36	1480
1813	30	126
413	3	1425
71	19	127
473	15	46
106	126	1585
217	3	29
461	6	602
1921	3	21
1757	42	170
1880	46	1641
365	7	1312
212	20	378
1942	157	420
83	1	1735
267	36	1406
1826	7	514
349	6	892
1207	45	1328
897	109	1278
544	81	1765
629	44	1148
545	4	76
96	181	2031
1562	174	146
2032	46	1589
1712	20	2
16	19	1435
477	44	2033
1434	127	88
1266	108	139
2034	35	2035
533	35	853
1611	0	1610
425	45	82
227	40	1039
1163	1	1583
242	14	802
67	75	932
61	9	1044
795	9	813
343	45	1481
212	20	13
253	7	398
2036	3	2037
1634	88	1043
970	19	993
1765	19	108
1110	6	946
1911	47	379
1966	36	1207
692	7	1196
1293	3	29
1738	40	616
1210	9	493
868	116	170
771	22	370
1417	3	29
279	15	46
431	93	2038
137	22	87
238	0	1791
1522	36	1141
1574	6	1813
880	19	1137
993	182	922
1124	15	204
2039	3	29
1636	46	1460
265	47	269
1980	15	46
16	19	920
240	6	920
411	8	626
418	115	1690
829	34	1247
2040	190	1158
2041	34	1617
129	19	1350
1137	4	76
1201	89	815
480	15	941
845	171	341
345	22	378
720	45	1701
378	166	976
662	55	755
1364	81	516
61	9	154
1642	37	591
211	137	549
562	1	1031
657	29	1504
2000	16	101
2042	64	640
157	29	764
2043	64	2044
1516	6	313
907	22	87
309	127	578
35	12	1295
1633	3	29
639	15	1427
659	19	1
1985	15	46
2045	106	1728
280	16	528
1887	1	396
127	16	1123
1898	26	1206
2046	99	360
1893	36	1772
1550	48	1373
786	3	29
765	16	659
1090	111	346
275	12	2047
1414	36	2048
1350	3	29
10	7	1358
322	29	1683
1447	193	1448
2049	35	1149
972	6	316
979	30	2050
1878	7	1482
661	123	601
2051	6	2052
87	127	696
2053	84	2054
1514	19	860
265	47	501
1268	19	2055
752	6	753
437	6	381
1234	3	21
1129	22	146
243	6	1389
1285	11	921
1898	3	29
1203	11	834
346	16	816
1735	30	2056
1066	7	1067
101	19	2057
568	19	1327
2058	30	170
1012	3	29
304	44	957
968	160	285
165	15	46
863	16	659
338	46	298
1576	36	1641
1988	11	220
1934	15	46
2059	3	29
1358	6	1247
2060	99	360
2061	106	2062
438	36	343
599	26	132
1276	6	316
1244	181	845
860	16	659
434	32	366
968	108	1416
393	7	253
232	14	1026
1604	4	76
1738	40	330
185	7	469
1018	9	1017
1003	115	890
1450	11	834
1416	108	968
352	7	979
23	37	227
63	19	805
1338	15	46
2027	3	21
1586	22	377
1630	16	2063
177	29	386
821	145	781
2064	3	29
1634	88	2033
2065	81	2066
2067	0	2068
1946	16	63
109	22	146
702	16	171
662	55	393
396	92	1887
1485	115	1702
2069	64	1971
998	76	2070
206	14	801
811	20	447
528	9	100
1570	8	1814
198	15	46
1126	14	1681
2071	6	160
983	143	1204
985	19	740
611	32	986
2072	35	2073
20	36	1875
1039	68	1208
2074	136	382
45	81	1573
2062	155	1527
61	19	108
1964	45	404
1447	111	1394
2075	3	29
363	45	404
396	46	1887
1963	24	87
480	113	479
392	9	1924
723	77	1790
1352	12	2076
749	35	534
641	37	22
280	36	279
1119	70	2077
1536	173	1762
932	46	38
1266	160	1572
1665	177	931
1109	4	76
2078	3	29
157	205	2079
2080	46	842
454	123	601
240	46	222
67	15	46
613	6	255
1026	3	29
199	16	1123
771	22	146
167	76	2070
2081	6	49
258	105	257
1601	3	48
749	35	426
1784	46	2082
1939	203	320
469	6	1230
265	47	625
1813	3	29
914	37	227
623	6	1060
1634	88	1692
2083	189	2084
1838	45	82
238	29	285
790	6	369
499	36	647
662	55	1844
925	8	1220
1903	0	502
366	6	1388
712	35	64
557	35	131
120	89	450
140	97	87
712	35	1068
967	32	158
361	155	971
1110	7	2052
1348	7	1225
180	19	53
328	173	850
265	47	1749
496	16	101
353	35	935
839	82	203
1439	3	29
100	81	547
517	99	358
1418	8	111
1206	21	20
1866	19	2085
1085	36	624
1426	22	447
1183	66	304
2027	3	29
1388	7	97
1276	7	972
945	15	941
329	22	377
860	6	686
615	7	614
1410	60	38
443	45	19
815	47	122
1033	3	2086
1117	46	515
477	44	1103
528	9	1088
714	177	120
205	35	2087
460	6	161
71	19	5
230	39	330
350	44	303
794	3	29
2059	6	357
1042	3	21
98	6	461
712	35	717
220	78	1636
860	16	766
14	35	290
137	22	157
119	9	1201
1046	7	726
1230	3	29
10	7	2088
10	6	2088
2089	115	2090
964	22	377
425	153	718
2091	3	29
2092	32	114
588	9	1867
1068	26	170
1952	81	588
987	6	1623
623	6	899
862	35	1179
593	22	157
395	140	1529
2093	47	2094
267	7	460
481	159	1581
2095	0	1111
805	4	76
121	19	1276
125	6	634
1324	15	941
898	1	752
2096	3	372
1090	116	170
712	35	207
912	30	959
922	182	993
17	45	19
979	7	797
1430	45	181
794	3	372
663	9	152
335	7	899
388	67	170
934	45	404
948	16	1608
577	29	322
53	46	1549
1498	0	347
350	44	1148
62	81	588
0	34	427
1147	26	170
1349	6	1348
2097	155	706
275	12	1747
1132	3	29
9	107	1016
446	15	941
235	3	29
2082	43	1784
101	9	443
835	0	2098
1302	16	1144
101	9	734
988	57	616
4	32	777
1871	6	423
811	20	377
238	0	1438
1422	52	2099
1453	120	2100
2101	46	443
2102	22	378
1500	160	214
2103	64	817
1756	22	377
14	35	10
718	153	425
2104	198	1355
2105	16	491
742	89	153
814	3	29
205	35	226
720	15	46
398	6	393
1721	15	46
455	35	1657
1195	123	601
1411	22	87
267	6	316
550	127	88
232	6	1026
1348	6	1224
1497	3	48
2074	88	1603
709	46	505
1044	89	265
885	16	2106
587	7	797
749	35	10
513	29	678
2038	127	66
2107	36	1181
13	0	1594
242	36	553
856	143	25
1026	16	171
1764	26	2108
532	16	458
1349	16	588
2016	81	795
1445	3	29
2109	174	378
860	170	1
663	9	374
142	47	329
1084	18	603
455	35	738
965	9	1428
799	87	629
852	3	29
587	4	76
1832	3	29
2110	16	795
2111	31	2112
572	6	267
1567	46	1192
593	81	588
1	16	1418
838	35	2113
752	3	29
693	3	29
1432	114	1572
71	19	1224
899	7	335
1353	121	876
164	45	490
649	6	2114
152	22	502
1018	9	812
1587	46	110
818	37	616
919	6	79
2115	45	82
1256	111	1290
541	52	921
1479	3	29
388	47	1772
811	20	146
154	15	46
170	0	711
1352	12	2047
1785	26	1243
1994	36	1000
593	116	126
270	22	378
777	6	592
534	16	1514
491	19	1403
1514	8	111
452	34	1686
126	118	1183
950	78	1544
28	30	449
754	15	46
69	22	567
307	9	173
648	92	1985
97	7	367
108	92	69
2116	8	1511
871	32	1515
363	33	1177
592	7	10
1635	16	2117
948	7	949
249	7	617
1151	66	629
892	16	1144
1307	1	2118
1576	3	29
1563	26	170
1361	160	60
411	9	1000
861	3	29
228	40	227
486	177	184
577	127	88
865	7	2119
376	22	87
1934	45	404
550	127	578
1022	6	1350
771	81	356
898	178	752
731	29	730
386	29	177
1232	32	704
1038	36	1342
2120	143	25
1430	97	146
49	3	29
690	0	689
2108	99	360
1593	107	1016
1179	135	170
759	7	104
986	6	128
1402	33	1284
1370	22	378
679	20	1429
33	36	34
683	35	1844
390	8	111
225	39	330
316	6	572
497	11	1475
73	3	29
431	93	302
2121	20	377
1169	15	46
705	137	679
735	3	29
1143	3	29
1276	36	389
1832	3	21
1268	19	955
749	35	492
2122	99	2123
295	161	1584
41	19	825
308	15	1569
593	22	378
1677	81	880
2124	45	490
1535	36	1088
4	110	194
93	36	194
1665	100	2125
96	181	704
726	46	363
884	6	532
389	75	1840
422	47	421
603	16	766
190	76	2126
1626	26	673
549	20	764
267	7	572
1292	30	170
1150	46	173
1540	70	1913
2127	108	1720
980	31	2128
1952	116	170
854	22	377
1468	3	29
494	183	1226
1054	15	46
125	6	423
1022	7	1350
199	16	71
2129	45	404
1603	156	792
2130	35	635
199	36	858
1310	44	2131
616	146	2132
799	66	304
2006	3	29
47	3	29
1269	6	1832
109	208	1128
171	9	718
820	11	950
827	34	805
1608	19	740
1402	33	465
925	9	593
37	60	1282
250	0	2010
1150	107	407
303	128	350
101	19	656
2133	4	76
1149	46	54
2033	187	633
1867	22	170
1724	32	1031
592	16	1144
1112	16	927
1009	33	1321
438	4	76
662	55	784
1368	170	1894
2134	45	82
131	39	23
375	70	1194
1123	19	145
212	20	377
2110	74	1206
1771	128	350
686	26	2135
259	31	2136
2137	29	2138
293	3	29
611	32	1269
111	32	767
425	33	424
347	0	1896
730	29	1319
104	4	76
154	1	344
162	7	460
350	44	1183
677	64	2139
352	16	408
309	127	66
1082	64	1038
267	6	572
898	62	1140
607	35	1037
505	22	2
562	103	1725
1060	36	1047
1123	19	543
972	7	316
2024	143	25
639	193	640
2094	45	82
153	47	1781
1811	16	101
1988	143	25
307	9	1460
212	20	2
230	125	2140
848	15	941
1691	88	2141
1336	46	897
1259	110	1989
105	26	2009
914	23	1228
1290	6	346
1763	64	1468
1018	19	682
338	16	491
1069	16	880
1589	33	515
1023	89	450
1302	70	15
616	146	765
898	7	484
531	81	1573
497	64	1940
1112	70	1297
629	44	628
2142	3	48
71	9	1044
238	0	278
1557	156	792
2143	160	2144
746	16	392
1192	45	1328
862	35	1663
411	9	329
505	22	378
275	12	839
712	35	954
1521	11	1423
588	9	544
200	46	1032
492	26	761
2145	209	450
813	41	19
1962	116	170
509	30	510
2146	3	29
177	29	387
811	20	2147
274	116	170
599	3	29
102	6	1134
2148	29	2149
2150	3	29
473	45	82
1316	45	82
275	12	1051
2151	142	2152
162	7	161
316	6	161
482	42	170
460	7	735
64	7	104
812	15	46
1382	115	1496
1850	6	442
2153	31	1900
545	3	29
39	144	306
291	6	920
2154	16	668
238	0	2155
769	22	378
1552	32	79
265	47	1141
1734	3	29
2156	0	382
205	35	1679
780	36	323
1298	15	1698
106	206	1320
612	177	1795
852	6	234
1979	45	82
1244	114	1279
429	115	1496
36	11	834
174	9	570
653	194	1083
1110	7	946
909	30	126
296	11	834
332	6	369
170	0	1385
1327	16	568
221	9	770
493	81	580
879	6	526
1381	143	774
1700	4	76
1361	108	320
336	22	2
1878	6	1482
154	113	344
273	9	900
2057	3	29
851	1	1458
1320	194	1319
2157	26	86
562	43	1031
1631	6	514
669	6	1060
1118	6	1671
1544	30	126
316	7	572
1631	6	93
1402	116	170
541	12	1007
1863	136	1903
623	3	29
403	22	378
465	38	78
1740	48	683
649	46	1339
459	7	1029
179	16	16
406	3	29
1361	108	1500
603	6	790
1108	128	304
947	1	946
795	9	581
1734	36	17
1973	6	1293
757	64	2000
1377	99	360
2158	15	46
174	9	109
705	201	302
402	46	1823
2159	26	1330
1003	31	890
593	81	925
2160	3	29
411	9	627
1395	45	82
940	22	157
273	9	308
1549	45	151
1262	6	1067
815	47	596
1540	26	126
1083	206	653
1367	3	21
2161	139	136
2118	46	1307
1029	14	1234
2012	45	19
180	9	783
906	128	629
2162	19	1477
1352	12	36
539	113	648
580	9	2163
957	87	350
170	117	1239
106	0	2164
623	46	1047
258	105	5
1192	138	1567
1236	6	53
2107	46	1181
1122	3	29
1560	46	184
476	25	282
965	9	1756
726	46	908
330	37	331
1479	36	1338
471	40	228
874	16	659
1161	127	66
829	34	789
1091	3	29
1273	48	557
1565	89	265
357	36	867
1284	33	465
706	36	1962
456	46	505
583	36	812
749	35	802
400	9	83
2165	4	76
947	178	946
166	60	122
920	36	222
105	7	1025
1256	45	597
1232	32	442
1961	29	1960
749	35	2166
105	6	1025
452	34	197
629	44	799
1576	36	1364
2167	36	1447
1291	56	1190
1051	139	136
1779	54	146
455	35	619
1021	70	2168
167	76	1014
859	45	19
1349	7	1348
707	6	514
1194	190	2169
1221	84	170
297	47	100
350	44	2170
331	37	330
199	7	58
53	16	528
1415	7	367
2171	172	1026
1746	4	76
814	6	79
251	171	1163
1259	110	493
2088	39	793
1600	62	1574
1882	16	668
528	9	148
1884	211	2136
800	36	425
1361	160	876
595	20	146
400	9	1133
2172	36	2173
14	35	427
1250	6	949
487	26	959
1944	192	1303
616	40	660
1145	156	25
1835	3	29
1501	203	968
108	92	140
2174	30	170
1139	45	1579
1364	1	1576
1460	45	404
2175	48	455
756	45	82
1156	29	1155
122	15	46
1255	3	29
2102	208	170
330	37	227
1971	26	2108
1522	36	1860
261	26	170
1873	15	46
2176	29	2177
347	0	1919
60	0	2178
622	19	11
431	93	643
127	7	414
1549	81	663
2179	99	358
759	6	104
1799	6	53
2180	22	377
69	81	307
77	46	1480
471	40	330
1369	81	663
1183	128	629
1109	14	801
690	206	689
1072	6	1973
855	156	792
1336	30	2181
1007	11	950
123	6	149
221	9	1172
57	6	58
705	163	212
661	45	37
330	40	22
1535	3	29
480	15	46
1276	7	316
520	3	21
857	47	926
910	200	2182
64	16	766
727	13	1270
2036	84	650
121	9	900
2034	35	2011
531	45	166
529	1	265
572	6	316
610	19	28
899	6	456
817	3	29
723	156	774
2183	143	25
572	7	316
1561	3	21
370	117	894
394	38	78
221	9	783
1586	15	941
2052	6	2051
1928	0	1534
2045	155	1874
192	3	29
2149	29	2148
1574	6	365
1100	45	490
316	6	735
115	34	243
1853	26	170
411	9	69
1817	29	1951
258	3	29
1018	9	1002
984	22	378
1278	3	21
385	121	1572
1319	0	1320
392	8	1259
69	22	302
2116	8	1399
663	9	1086
899	6	852
804	1	357
1823	178	402
1849	15	46
898	7	252
663	9	1809
1426	22	2
20	105	1850
443	45	2184
558	74	2185
441	64	116
332	125	1341
1348	3	29
367	6	1388
243	6	49
270	43	339
470	81	41
471	37	334
845	60	1469
391	32	948
882	16	61
455	35	1408
1522	36	564
1526	176	898
2153	115	1900
227	37	23
2186	3	29
659	19	777
1085	3	21
23	40	591
1500	160	285
2027	26	170
265	47	1044
1206	21	206
156	97	146
1093	31	1094
707	3	29
428	45	82
128	46	515
871	110	688
471	37	330
640	16	433
142	47	279
1648	32	1576
1235	26	1243
1375	3	29
1762	81	795
1648	32	648
1462	88	1692
825	6	484
258	36	511
435	45	19
291	6	1198
1377	29	1376
576	34	794
1318	26	106
2187	196	2054
584	36	68
738	16	1144
2139	6	507
320	160	876
43	22	1429
138	160	1572
1982	16	1514
190	76	2070
771	22	378
825	6	2188
151	60	38
461	4	76
10	6	11
920	46	1502
2066	9	2065
324	36	715
10	16	663
514	6	1022
2189	3	29
825	26	170
605	15	941
602	36	647
497	64	5
979	3	29
1742	6	1137
2125	0	1079
2110	36	687
662	55	1230
1206	21	1150
363	45	729
986	6	79
2190	4	76
946	6	1110
549	20	377
690	166	2191
62	22	378
497	64	1025
1167	71	1168
226	16	1514
1575	32	95
1187	36	964
115	34	1897
95	7	1024
13	127	88
802	26	170
661	22	378
1631	46	194
307	9	977
674	3	29
643	127	66
482	34	1025
171	9	473
2089	115	911
872	15	1427
78	60	969
842	81	547
1700	3	29
262	3	29
1762	1	704
1042	3	48
2192	55	242
174	8	2092
158	6	187
1429	127	66
1279	29	65
591	23	331
267	3	29
712	35	2193
948	16	1418
132	0	571
1022	46	130
1093	115	2194
2012	15	46
64	6	942
1824	16	637
1043	156	1204
1736	34	464
2152	0	2151
995	14	802
231	81	16
237	11	950
965	9	872
1672	176	292
899	46	182
1000	116	170
2195	68	208
663	8	871
49	7	1899
948	6	1202
2034	48	557
1474	97	567
1088	1	123
1726	3	21
557	35	1755
133	138	1567
1081	6	602
1352	12	2196
629	44	1151
1860	103	1725
2101	30	126
557	35	2140
120	38	78
790	6	789
1134	4	76
1530	113	1112
620	36	624
469	36	1774
282	44	1103
431	93	87
304	44	384
1285	42	1413
1181	138	1567
886	26	106
1278	46	443
210	3	29
53	3	21
1507	22	378
514	36	1883
484	6	252
814	6	80
1203	11	921
925	9	1809
101	9	854
2197	39	330
272	15	46
585	123	601
2198	38	78
1328	60	454
20	157	1238
422	46	150
2199	139	136
677	64	1746
170	29	106
1265	160	106
2200	156	792
1028	206	1027
343	45	490
1302	3	29
1523	169	764
336	22	377
749	35	333
135	143	25
2201	117	1239
468	3	29
728	89	155
1308	26	170
290	3	1517
471	40	227
968	160	60
162	7	572
1729	112	2045
644	11	834
851	22	378
965	9	756
142	47	1980
620	36	1487
700	22	2
749	35	592
1172	45	151
200	3	29
707	3	48
60	0	312
494	183	406
101	9	803
1783	116	170
1558	6	1269
63	19	942
1574	3	29
735	7	267
1245	66	350
128	36	1502
227	23	793
1418	19	944
542	64	5
2119	6	865
1498	0	285
11	16	491
1065	45	2184
116	7	243
1302	16	622
1877	3	29
121	9	329
1470	6	207
663	19	339
2157	3	21
924	24	146
1361	108	1360
502	127	66
659	19	1269
776	35	1208
1836	99	360
978	36	868
712	35	2035
1699	22	146
1467	16	408
923	10	78
1088	165	1464
429	31	1496
398	36	279
687	123	601
647	97	146
456	6	199
1191	9	466
248	36	1059
1018	9	1774
1353	123	840
993	26	2202
692	7	104
1627	46	581
660	40	1738
450	47	687
221	9	109
1910	173	2203
507	7	2139
942	16	1514
284	116	170
1672	46	292
830	3	29
324	3	48
262	3	48
865	30	170
1535	7	398
991	15	941
557	35	2204
393	7	460
178	22	378
676	3	1491
699	64	5
529	22	447
327	3	48
170	0	1970
1088	1	1464
1969	29	1968
557	35	891
2205	38	78
746	7	752
518	36	900
1500	160	238
1650	45	151
964	22	378
1747	168	203
61	19	648
255	6	613
802	14	995
539	1	726
395	92	769
227	146	1001
1512	0	2206
930	127	66
14	35	619
880	19	1742
1181	45	2207
803	1	2208
1510	144	306
1619	36	823
16	9	544
101	9	1549
1230	46	1774
722	74	170
452	34	1830
706	46	401
835	0	2209
623	30	1330
153	47	1964
321	22	377
38	15	46
762	6	5
1583	16	400
1106	142	1329
1826	7	1022
61	9	18
1552	110	544
643	185	2210
283	77	1790
317	22	2
119	9	1369
414	3	29
2211	143	792
16	9	1650
32	15	46
980	115	981
616	40	383
126	117	894
2212	156	2213
436	6	669
455	35	1626
1218	22	2
1348	6	1225
16	19	1026
903	40	23
1083	0	652
388	47	141
1450	127	498
1181	15	204
756	45	404
159	145	272
257	36	152
1485	115	1690
1108	128	629
238	126	1585
1478	39	616
210	4	76
673	99	360
335	4	76
965	19	815
1875	22	87
1853	36	1135
1286	75	762
528	9	336
337	110	1282
2	0	2214
727	105	825
320	160	1572
2215	99	358
1906	60	956
494	183	1219
28	16	610
542	64	1726
391	32	1149
2216	26	170
1794	46	1195
291	46	292
149	7	20
455	35	2217
431	93	1056
1691	88	1043
309	127	88
2153	115	1976
232	140	1576
3	22	146
299	33	465
175	110	841
2218	26	170
1876	26	876
1874	70	1966
1110	46	947
919	36	624
899	18	1276
2006	4	76
1810	3	1805
766	19	765
786	36	2219
651	32	423
43	43	371
1589	75	2032
1711	26	1413
38	45	1410
391	32	10
2220	3	29
598	46	409
319	3	48
120	43	371
836	32	913
1630	3	29
313	36	501
119	9	803
431	93	13
1307	22	13
616	146	243
898	1	252
2221	26	510
1298	116	673
41	19	1384
1025	46	1685
964	22	567
371	6	226
1749	45	82
56	111	55
1833	121	238
1412	3	29
2222	29	126
10	30	126
815	47	1201
1784	46	627
1713	70	882
2098	72	835
1099	105	1270
790	6	603
1886	32	2223
1571	32	2071
49	105	1899
1316	15	941
69	75	108
701	108	1720
2079	122	157
910	200	2224
1398	64	1234
273	9	472
584	3	21
2225	161	2043
1933	53	546
1516	4	76
712	35	1653
810	163	212
1601	30	2226
101	8	871
542	64	1431
61	9	178
274	81	16
357	6	2059
399	3	48
1899	105	49
2227	42	170
116	39	471
294	15	46
749	35	1084
984	15	46
1282	62	1799
580	9	493
967	32	953
376	81	16
1880	3	29
1917	203	1361
111	32	1300
1139	45	82
377	29	522
251	7	845
825	105	727
1114	15	46
80	6	79
1387	3	21
874	16	491
1000	45	82
1591	84	2228
42	4	76
701	108	1343
1778	24	146
563	26	2151
2229	3	21
146	207	415
772	9	1800
2230	29	2231
97	6	366
353	35	2204
235	4	76
1553	55	923
1472	6	437
425	153	2173
2172	3	29
868	89	857
738	16	622
69	22	1434
654	26	60
1771	128	304
571	67	132
1511	110	1201
1147	16	1123
1418	19	556
297	47	1392
793	68	1200
1965	6	286
1947	181	2232
1807	169	377
323	22	2233
1401	11	2234
780	46	1364
745	46	1030
2010	42	250
815	6	346
33	16	16
749	35	1451
405	34	1832
234	157	899
273	8	871
433	8	1220
1446	46	277
1299	167	793
1361	160	214
301	45	166
291	36	1321
273	9	1047
924	3	21
914	37	383
1577	159	134
818	40	334
709	36	505
42	3	29
1244	181	1453
268	3	48
1342	81	171
190	76	168
483	11	834
2235	26	657
898	62	866
1352	12	2236
173	22	87
1856	6	796
1108	66	350
2157	30	86
885	16	668
53	6	128
142	47	194
2237	1	251
1063	34	2238
118	14	117
2085	16	637
934	81	663
925	8	434
2115	116	170
460	7	162
1139	45	486
36	64	97
414	36	294
1988	143	792
924	6	923
275	12	1398
2114	30	126
933	143	2213
1629	3	29
352	4	76
2239	114	146
2240	19	1033
949	16	1608
1817	192	1816
1507	45	404
1361	108	968
819	0	2026
1508	36	1979
109	97	87
2241	41	82
172	111	726
304	44	1151
185	3	29
673	29	1443
2118	16	663
1351	1	670
1236	6	1799
1743	55	1647
313	26	170
13	127	578
799	156	25
616	37	23
728	45	82
588	9	62
265	47	272
738	30	657
446	22	70
614	6	1479
231	123	601
1191	9	480
1983	36	480
521	108	1361
2195	68	2242
2243	74	1206
563	36	1685
35	12	699
2229	3	29
2244	15	46
265	47	1637
1735	46	83
471	68	1815
1781	81	2063
78	180	834
1973	6	1292
252	16	171
1220	32	10
776	35	1257
1432	114	2
1143	36	1530
1907	121	106
468	6	1799
149	46	1520
1416	108	1500
858	89	155
788	3	29
801	3	29
2019	29	2018
1234	14	1029
162	7	316
1861	46	586
1639	3	29
1217	6	467
361	155	2245
1741	36	1124
822	3	29
957	87	629
1602	142	1655
706	46	1641
851	15	46
68	153	67
631	3	48
1734	46	896
1615	4	76
1026	26	170
193	70	192
637	19	2085
1520	116	170
398	7	393
829	34	929
1387	26	106
880	19	525
1336	7	913
1829	3	29
324	16	588
2052	7	2051
1576	30	170
943	3	29
307	9	897
2246	34	1527
552	14	459
142	16	965
712	35	1827
1772	38	78
1743	55	532
1210	9	341
121	9	81
979	6	797
1427	181	2247
759	6	1200
291	46	68
41	19	1120
796	16	795
1572	0	2248
1399	32	20
265	46	501
2249	3	29
484	7	898
182	22	13
747	121	214
398	3	29
2250	194	2251
2252	35	95
143	89	1911
53	16	588
899	36	715
797	6	352
2253	24	146
1084	172	603
628	156	1204
1410	60	292
349	16	622
1638	3	29
1758	29	2254
1742	16	880
1911	47	143
969	22	146
1018	9	1860
2255	30	170
1185	127	88
13	61	930
1875	22	378
515	33	1589
2256	48	2257
2094	15	46
2211	64	162
629	44	1245
1270	4	76
1526	7	752
258	26	170
648	3	21
705	163	595
662	55	1478
2258	4	76
151	60	1053
1186	3	29
593	45	82
433	8	1886
138	160	106
1339	210	649
1576	7	1741
611	32	232
473	43	942
1257	26	170
1761	36	785
1060	6	436
1059	45	37
285	126	1016
273	9	926
459	125	1234
1681	3	29
1370	45	490
581	81	795
2259	44	2170
1022	7	514
1891	3	29
433	8	2092
1830	172	727
1528	118	957
1966	70	1874
312	121	60
1917	30	170
208	4	76
234	105	233
221	9	143
145	7	543
2260	156	792
1506	16	668
854	22	2
706	3	29
1198	6	291
2261	99	360
604	18	802
2087	46	896
1749	89	265
1248	3	29
2040	84	1666
2262	30	170
369	14	1827
469	3	21
1823	1	402
749	35	197
190	76	2263
2116	19	636
903	40	330
726	26	170
350	44	799
1341	125	332
2264	48	6
297	46	867
230	172	459
2265	106	2062
333	16	121
685	36	1207
1934	22	378
1638	70	832
1936	47	1426
655	22	378
657	117	894
252	7	484
1353	143	1204
965	19	265
1068	30	2266
230	3	29
367	6	366
722	3	218
848	45	82
1418	19	740
1183	158	1052
130	1	1350
35	12	1988
1734	16	408
2173	153	424
2170	87	2259
119	9	734
237	11	834
49	7	2081
1588	77	1790
509	3	29
152	22	13
171	9	329
446	15	46
2264	35	1563
569	177	443
121	9	1307
2267	3	29
1370	22	146
2217	3	29
150	116	170
2268	123	840
1864	211	2269
749	35	163
1032	43	1031
2141	25	477
442	36	1737
641	40	616
1244	181	169
1184	46	579
854	22	447
2188	6	825
1396	99	358
2072	35	354
1141	45	181
1118	16	663
543	6	1826
109	45	82
514	7	145
536	181	2270
2218	39	228
1225	7	1643
702	7	199
2087	3	29
1000	81	183
1623	46	1624
2	117	894
712	35	884
431	93	70
113	22	378
1302	70	208
327	74	126
1613	3	29
200	7	58
1139	89	388
1147	16	171
1798	81	119
254	6	460
2271	4	76
1623	6	1622
2089	31	911
153	6	1387
346	6	1290
2272	3	21
199	3	21
1313	3	29
2273	3	29
248	3	29
214	0	2274
1039	40	334
855	158	1052
244	19	1878
230	16	1205
101	19	496
2275	139	136
1830	105	727
979	6	352
2276	3	29
516	19	92
179	36	2003
1329	192	1106
1054	45	315
882	46	1044
351	156	25
1965	4	76
574	4	76
1553	55	992
811	20	416
1737	45	82
866	3	29
915	70	2168
388	46	896
749	35	1302
23	40	383
1315	107	348
1130	35	929
1276	3	29
402	46	401
1409	3	29
980	31	1486
1826	6	1022
1586	45	82
352	46	493
353	35	2277
531	15	46
412	75	1926
1737	1	817
138	108	1266
764	127	66
1046	3	21
636	4	76
2278	46	454
925	9	148
138	160	285
1061	45	82
1790	69	1353
1018	9	201
123	16	528
908	81	400
1297	3	29
298	45	597
289	35	2238
2279	3	21
1173	142	1354
726	7	127
1099	36	1272
95	46	1009
931	45	82
16	19	1433
507	6	506
683	35	230
802	157	1412
606	48	455
2280	70	885
2281	70	1020
405	34	884
431	93	567
533	35	1408
954	135	170
100	111	706
1018	9	1263
2282	54	146
1369	45	151
1503	26	311
431	93	146
712	35	1269
104	6	64
101	9	277
1657	16	458
532	30	170
1369	81	547
265	47	887
2283	36	1839
6	35	264
1631	36	110
694	19	1963
387	29	177
880	9	1677
1576	6	1741
152	22	87
190	76	1879
1399	32	899
2243	105	240
660	40	23
888	15	46
461	6	1081
843	3	29
896	89	388
2083	45	82
1114	75	617
1736	34	1064
1836	192	739
56	89	155
1145	158	1241
1013	113	1012
1777	3	29
1054	1	1464
552	125	459
714	177	110
713	3	29
330	40	228
811	20	1161
1147	107	407
289	48	14
552	14	551
1234	14	459
184	193	1560
47	26	170
1588	25	477
294	45	82
1823	81	400
22	40	903
793	37	227
1306	46	1307
2007	22	377
698	158	36
2124	43	1630
752	7	1526
97	6	1388
858	75	344
1226	107	1585
999	3	48
1643	3	29
267	7	316
396	92	1015
2032	30	126
919	16	71
1183	128	350
2284	99	360
804	15	46
119	19	913
1683	29	322
834	180	921
427	16	491
1253	4	76
2035	3	29
266	105	1126
2089	31	2285
116	6	243
162	7	267
868	81	588
1515	3	29
145	3	21
2157	16	174
265	46	1124
1798	45	404
532	4	76
889	31	890
466	43	1025
1484	44	2286
628	156	25
992	105	1230
1123	9	144
145	6	1022
935	30	2287
2288	3	29
93	16	588
2180	22	378
935	13	1109
1371	16	610
1771	66	1484
920	6	291
346	140	1290
1502	15	46
592	6	777
128	36	515
279	89	142
60	126	348
1847	105	123
616	40	330
149	14	242
459	105	230
2058	26	170
1825	3	1805
97	6	367
1550	35	1537
1356	44	1404
234	6	899
1263	15	941
455	35	1767
852	7	234
1799	3	29
501	43	1025
1752	42	1751
2096	84	2289
484	46	898
37	60	1059
446	22	378
820	11	2290
316	7	161
330	146	7
1802	4	76
1050	39	616
366	3	21
1023	75	1022
2291	3	29
254	13	1711
1033	16	2117
834	180	504
23	40	471
881	4	76
531	22	378
1066	4	76
2292	31	2136
749	35	892
783	45	166
2293	36	1411
266	14	118
420	46	1286
2111	115	2112
170	118	723
682	92	1721
1839	97	146
301	22	378
207	26	975
990	3	21
1145	56	1254
1184	36	579
543	6	436
790	16	485
527	3	21
1066	6	1262
1234	6	459
106	0	1960
1863	177	1199
137	22	643
536	181	1101
1461	34	960
784	3	21
2294	64	1966
759	7	1200
1412	157	802
811	20	690
953	4	76
1281	3	21
93	46	274
588	19	656
2295	26	106
612	177	1867
299	33	1402
706	92	401
68	81	588
411	8	1724
1087	42	2296
146	127	310
1315	140	1597
526	6	879
1398	123	840
1998	3	29
862	35	226
561	6	2052
1312	30	2297
1026	172	2171
899	6	234
587	30	126
431	93	1683
2043	11	834
525	16	880
2034	35	1451
561	92	1197
1875	89	155
398	16	101
925	9	178
119	9	639
530	158	497
865	46	806
473	38	1803
2298	16	475
871	110	62
1951	29	1817
1619	36	593
328	4	76
925	8	836
1684	7	913
2299	143	774
96	181	251
1245	87	304
829	34	1408
567	29	930
1844	39	330
528	19	459
1026	16	71
1942	3	29
329	22	447
1781	159	134
2300	37	227
1388	6	367
991	145	329
1798	81	221
214	0	2301
2208	46	133
752	7	746
60	29	238
986	46	137
651	32	1829
2013	139	136
1511	32	1350
1952	15	46
446	22	502
1515	36	1772
586	1	697
1022	36	1428
927	9	184
11	7	1358
614	3	29
1293	6	1292
1516	3	29
1532	8	391
1183	66	350
1693	3	29
603	105	1084
483	123	840
409	62	255
2252	35	1563
1401	123	840
383	40	616
1586	22	87
679	20	13
2225	181	2043
1181	116	170
850	178	328
83	62	2302
1699	97	146
287	105	1767
2197	39	616
555	3	29
101	9	544
802	70	1764
771	153	1962
87	99	2123
570	22	567
1623	3	21
910	200	2303
307	9	1054
987	30	170
1813	6	365
244	8	391
1172	81	119
20	7	149
1874	30	1390
2304	35	2073
1200	39	793
1983	16	2305
173	22	447
1066	3	29
579	22	2
2081	16	663
839	2	203
938	6	572
1236	6	707
766	19	2306
880	19	879
363	1	636
64	16	1205
802	105	604
1910	7	1306
462	0	463
1648	110	1364
23	40	22
400	19	461
1335	22	567
1888	43	1118
815	46	1867
813	1	79
461	6	1270
663	9	443
1378	14	1368
726	46	1324
1361	108	1416
227	37	1228
2307	3	29
1402	43	116
1002	38	2308
182	22	524
628	66	629
123	46	1088
1553	55	5
1039	40	330
819	0	502
1413	99	360
882	92	1044
2309	38	78
214	206	2310
321	22	378
790	6	1084
238	126	962
721	38	976
507	7	506
672	3	21
649	3	1491
1521	64	1501
639	113	640
198	22	146
1135	15	46
2311	24	377
231	116	1390
61	9	1129
2280	3	29
1418	19	1444
436	7	669
1981	43	95
2312	156	792
549	20	567
253	7	460
1644	3	29
1152	3	29
1823	41	19
1367	84	170
205	35	1064
1347	30	1929
634	16	1123
980	115	1486
95	26	170
752	6	1526
1235	6	514
637	19	1322
549	20	1429
1402	33	300
1202	6	948
354	3	29
2313	19	1638
1675	31	1702
225	7	243
1072	6	1292
1263	116	673
1077	15	46
888	43	1563
1441	208	1581
2314	34	2113
1173	72	238
1322	16	1866
1883	45	82
623	16	16
984	22	13
280	16	101
2315	137	1010
118	3	29
1384	3	236
632	25	477
1003	115	1004
1917	203	968
1495	115	1496
4	32	253
273	9	867
207	3	29
1307	22	87
622	8	391
243	6	116
513	0	512
1259	32	2316
764	127	88
2317	30	170
459	6	1234
557	35	1397
186	1	185
101	9	842
1235	6	1799
836	32	1025
1854	36	934
307	9	148
1358	39	616
623	6	456
142	46	43
555	6	357
2318	42	170
316	7	162
1500	108	1360
192	188	592
1492	15	46
205	35	1478
104	7	64
111	32	2071
41	19	254
1402	116	1390
1333	29	1332
2319	42	2320
303	66	304
505	81	221
1663	105	1746
1219	6	740
33	3	1805
681	1	680
178	22	377
799	128	304
536	181	2321
621	15	204
145	7	1022
714	177	1749
1411	22	377
1174	15	46
676	24	377
1026	3	21
200	16	795
460	6	162
1377	118	260
1197	45	82
1266	160	214
1875	22	447
780	36	329
1245	87	629
535	64	1859
810	163	549
544	1	727
2306	16	766
670	46	1351
659	19	243
492	3	29
251	171	2322
1822	116	170
454	109	2278
1195	89	153
525	6	1137
481	22	378
1093	31	2323
811	20	13
133	208	134
882	3	29
1964	1	153
1870	3	21
746	6	745
1086	123	601
301	22	2
1945	16	637
114	30	170
55	46	56
2051	30	2266
910	200	1920
1224	36	1135
1476	19	59
655	22	377
2042	64	514
1137	6	525
565	108	1266
1473	36	1114
397	22	146
1058	42	170
1249	22	146
2324	136	657
153	16	433
1700	3	21
900	116	170
1144	19	892
1432	114	106
514	6	1826
338	3	48
689	174	690
1813	6	1312
1483	3	372
411	9	480
839	42	737
22	40	330
106	0	2325
77	36	1480
1355	169	87
2173	45	82
431	42	2201
16	9	100
273	9	222
367	4	76
1918	3	29
542	64	199
2106	19	1541
1082	127	498
124	1	123
497	64	973
123	46	124
242	14	149
474	26	170
2055	16	2313
141	22	377
431	93	65
1365	100	2326
1692	156	774
1051	11	834
738	3	29
469	36	1487
1712	20	302
2152	0	1582
2093	47	54
2327	3	29
2328	99	360
1374	16	663
265	47	564
350	44	957
34	15	46
1500	160	1572
1153	20	377
1551	97	146
1444	16	475
16	9	661
760	15	46
1742	7	1137
1467	26	170
790	6	1409
1080	16	16
1735	3	48
487	3	29
388	47	769
1157	139	136
364	36	184
2139	7	507
1341	105	332
1501	203	521
251	7	2058
171	9	198
89	171	380
669	6	437
423	6	1871
1435	3	29
1078	96	950
1231	163	1010
145	46	144
759	6	105
953	6	514
533	35	105
1031	3	372
2180	22	146
660	40	591
366	7	1388
862	35	777
2074	88	2033
551	46	343
2329	143	774
1418	19	1
1127	53	1576
475	19	2298
557	35	805
1796	3	29
2330	6	1386
422	47	600
557	35	1075
1620	43	50
256	7	255
123	36	1088
1266	160	311
95	7	1025
1198	6	1761
2331	7	1057
542	64	1134
1710	64	10
1307	22	2
711	11	834
1746	105	520
24	64	602
1982	16	1205
1761	3	29
262	14	1785
1554	26	835
884	4	76
1092	3	1425
1015	1	396
455	35	2197
163	14	1408
934	22	146
1766	34	209
520	13	1746
2332	3	1491
1507	15	46
460	6	393
362	16	1869
769	15	46
431	93	378
338	16	1268
991	45	82
2188	4	76
153	16	411
187	3	29
1150	36	173
1350	173	130
329	22	524
2121	20	146
1842	75	469
35	12	1907
486	177	1061
109	81	61
786	4	76
257	157	258
119	9	1000
711	64	5
201	81	171
504	180	834
862	35	1064
572	36	1487
1553	55	1741
1350	16	129
329	22	2
616	37	330
1393	15	46
723	25	477
473	38	1355
1288	35	1347
801	172	1109
1539	76	1879
1101	141	87
557	35	765
662	55	254
1502	15	941
1201	116	1372
2053	196	2054
1105	3	21
1607	43	509
1067	6	1262
416	127	66
777	57	616
815	47	1867
400	9	898
702	16	528
455	35	332
1731	211	2333
454	210	649
1056	127	66
2334	187	52
54	1	1149
110	109	1587
570	22	447
663	19	1031
50	3	29
477	44	1662
2335	3	29
2336	142	1768
727	6	543
193	14	192
1415	7	1388
903	40	616
898	1	484
577	21	1008
345	22	447
543	6	669
1708	3	21
304	44	1245
1262	3	29
174	19	2157
1081	4	76
669	6	436
757	64	1726
2337	72	835
1132	16	121
182	22	2
1161	127	88
497	64	2262
580	9	409
1147	125	338
1299	26	2338
1291	156	792
106	0	2339
199	7	702
1766	34	1946
141	22	2
1532	19	703
2340	3	29
187	36	1154
1522	3	29
1519	3	29
728	15	46
67	33	68
1586	15	46
1080	16	101
1193	70	9
1414	3	29
1714	19	1811
616	146	2341
127	36	804
1039	40	227
229	11	834
617	6	249
899	7	978
2301	121	214
98	140	268
437	7	436
443	81	101
411	9	756
97	4	76
1136	84	1929
565	160	106
604	36	1023
1389	135	1390
468	6	1236
1515	26	1251
1856	3	29
2102	15	46
1341	14	332
416	127	696
662	55	436
557	35	1827
1219	46	198
560	15	46
1038	3	21
2342	121	347
545	3	21
1187	3	48
1498	99	358
316	7	938
529	22	146
522	127	66
16	19	179
1306	6	1910
1815	39	228
1631	3	29
2343	16	1869
719	36	1849
307	9	1009
1770	115	1976
2344	143	1204
1297	170	1977
998	76	1788
857	47	1980
73	3	48
1896	139	136
1464	16	1191
194	89	142
637	19	885
2040	70	1503
216	54	215
925	9	69
426	105	149
2099	35	369
2345	99	360
187	6	158
1212	36	443
2154	151	878
572	7	938
2089	115	2285
1458	3	29
460	7	572
452	34	332
695	3	2346
126	21	1234
1450	64	1889
1202	6	104
669	16	1123
1074	34	943
2	21	286
1843	35	426
824	3	21
23	37	330
830	39	616
712	35	603
398	36	1154
43	22	377
164	111	1290
300	33	299
753	176	1030
1138	45	151
1279	29	13
1539	76	2070
706	16	2066
737	0	839
854	113	1306
367	6	97
1633	16	1018
35	12	2178
1874	70	1541
851	89	450
1435	46	1364
830	39	23
1269	4	76
1110	30	170
557	35	1182
1589	81	547
1239	95	894
745	7	753
1132	6	852
253	7	393
515	153	1589
1108	66	629
825	4	76
651	32	552
1060	6	623
2347	99	360
1200	6	104
683	35	717
143	15	46
259	115	2136
5	3	29
992	3	29
607	35	1537
1310	44	1801
232	26	170
1842	81	71
899	16	101
1947	181	1101
663	9	851
369	6	11
486	177	781
1029	14	459
592	16	659
369	4	76
1073	21	2193
152	15	46
106	0	2348
461	36	1090
1281	16	1018
1483	7	1878
925	9	1201
540	30	2349
34	45	151
1291	158	1450
842	38	78
230	105	459
710	26	1243
2016	1	1536
1279	127	578
690	127	696
2167	30	170
35	12	1398
330	37	23
851	22	377
2104	198	1803
2000	36	1009
1133	1	852
814	7	79
2350	99	2123
776	35	1397
338	46	1065
617	7	249
557	35	635
752	6	252
237	143	1204
991	1	142
106	0	1317
61	9	621
128	6	127
615	7	1479
384	66	629
1523	169	1434
776	35	895
1434	166	1523
1458	16	71
1458	36	1978
1645	3	29
862	35	453
1022	7	145
979	46	493
225	7	226
2225	181	2275
1500	108	521
1826	6	145
353	35	1182
1401	82	203
1060	46	1047
1917	26	170
607	35	828
1419	30	132
60	29	347
986	3	29
163	14	1675
770	15	46
1052	127	498
171	9	1774
254	4	76
1256	43	1858
94	113	1359
139	160	1572
593	15	46
1723	30	170
694	96	950
871	32	93
1076	116	2351
212	20	87
1575	32	2057
347	126	1585
1472	36	1272
1883	15	46
1129	81	61
1240	158	1052
501	22	87
1203	11	78
227	40	471
221	9	69
121	19	456
320	108	521
815	46	760
835	0	2019
1634	88	1564
712	35	492
884	14	603
616	146	1679
164	15	1427
1825	26	2352
818	40	471
72	15	46
411	19	153
897	22	146
940	22	447
232	30	170
766	19	929
726	46	443
1369	1	95
1932	3	29
1078	9	1077
535	11	950
1389	6	243
106	0	2353
1601	3	29
305	10	78
1029	14	287
1401	11	834
600	43	339
1713	26	238
516	96	950
1941	29	386
1111	142	2095
1183	66	629
95	46	1369
1714	8	1997
1388	6	97
460	6	253
1515	36	103
2354	3	29
23	37	1039
1238	18	1237
1191	9	109
856	11	2355
524	29	930
1368	13	1109
581	1	1627
71	96	950
755	36	940
1529	92	769
616	146	948
437	6	1120
2335	4	76
1423	180	834
221	9	854
561	46	1154
568	19	1149
593	22	146
119	9	608
292	81	129
977	81	411
2356	143	774
1343	108	701
1432	114	736
1576	26	170
1002	89	388
427	16	659
377	29	1429
65	127	88
2217	4	76
1126	16	121
1464	4	76
1303	72	106
1849	45	490
556	26	2357
1770	31	1731
409	81	129
506	7	507
480	45	404
1130	35	1297
2313	19	2055
555	36	1017
1348	36	1789
146	127	66
97	7	1388
1675	125	1150
2116	19	1891
1321	15	46
2103	64	500
2293	3	21
152	22	2
616	146	2306
1032	81	2358
1638	36	1286
2262	3	21
475	19	777
809	116	170
797	7	979
1068	16	1570
2111	31	2285
505	22	87
153	47	272
1248	36	43
1755	170	1397
1387	46	671
384	128	304
2227	101	78
712	35	1547
79	16	795
314	15	46
2138	29	2137
1529	140	395
49	4	76
1536	173	2016
1410	60	666
659	19	765
106	29	170
1746	3	29
58	7	702
518	3	29
1018	9	1568
1572	126	1585
630	11	834
2359	99	360
1554	4	76
433	8	1724
119	9	277
1611	29	1791
491	19	427
643	127	88
261	13	1384
1598	45	151
796	7	1856
843	196	2360
2153	31	1976
542	127	498
455	35	1412
438	16	408
2119	30	170
2205	45	404
636	30	170
916	92	150
304	44	1183
2293	3	29
1046	3	29
1296	4	76
2052	6	561
60	0	1760
752	46	1030
185	16	16
1714	19	1940
533	35	1547
226	7	225
1145	158	2361
674	36	982
174	8	1724
1398	11	220
1185	127	66
401	193	402
1892	44	698
572	6	735
649	46	1548
14	35	1347
876	126	962
1353	11	1423
1785	3	29
1400	4	76
1792	155	2362
1278	16	411
649	46	1507
190	76	1788
1255	179	478
470	43	50
1889	3	21
497	64	95
2363	156	774
2193	74	1413
514	6	707
106	0	731
2186	16	433
214	0	213
2364	35	2365
153	47	647
528	9	279
579	22	170
1962	153	771
280	26	2266
549	162	211
1307	81	221
483	64	1560
344	16	61
1771	66	304
851	22	447
347	29	2366
2188	16	408
1196	7	692
253	3	29
690	0	1678
469	16	61
1832	16	475
219	64	1012
586	45	404
1974	36	734
1119	70	1194
562	22	146
600	89	422
240	36	1781
2034	35	805
2152	99	360
172	81	925
146	127	696
1398	64	73
339	16	663
2171	3	29
892	26	673
279	81	588
460	6	254
5	16	171
2225	181	542
879	7	1742
50	16	663
35	12	2214
2058	3	21
93	6	514
109	75	108
414	14	604
598	7	613
1574	4	76
1779	174	146
456	16	121
847	3	29
378	127	2367
965	9	156
1968	99	360
292	81	1123
456	16	101
1495	115	2182
1283	30	1912
740	3	29
161	7	460
142	47	466
579	116	170
1189	158	497
2368	3	21
1045	46	1044
1319	29	730
1684	6	913
113	22	377
663	9	1201
456	16	61
923	105	1811
1230	46	43
1324	45	19
221	9	804
634	36	470
1742	7	879
1979	97	146
483	11	921
443	138	1490
288	4	76
497	11	220
2199	42	170
2130	35	1149
1539	76	1267
655	22	2
1313	6	1312
144	116	1206
1358	6	369
149	36	1520
646	92	1717
150	89	153
409	1	256
668	19	667
230	26	2351
1358	7	11
2369	64	993
609	3	29
1039	37	793
610	9	787
1432	181	845
1449	3	1517
2283	36	1838
1895	36	564
1074	34	2220
446	22	524
2271	3	218
557	35	354
231	22	2
742	22	146
527	16	1018
702	3	29
745	6	753
871	110	336
377	127	88
749	35	1064
1785	4	76
101	9	18
1230	6	233
1859	3	29
663	9	926
57	151	2370
1406	22	377
338	70	1300
442	36	2007
696	42	2233
205	35	105
1899	7	49
41	19	924
1462	88	2033
989	15	46
582	36	110
2081	6	95
557	35	1001
1509	3	29
1192	38	78
125	6	802
1290	7	346
1447	75	1022
920	36	2244
1445	46	172
469	36	1842
494	183	1601
2171	26	2310
1009	1	95
801	14	1109
1224	36	511
6	35	1121
414	46	515
325	146	1037
361	155	1828
2371	35	2087
240	4	76
1140	191	484
106	0	2206
930	205	2372
56	1	55
1226	26	238
1350	7	1022
321	22	2
1288	35	1358
591	40	23
940	22	2287
133	15	46
514	7	1826
411	9	272
659	19	427
930	127	88
667	6	2280
762	3	29
2246	34	874
574	46	627
43	22	447
705	201	13
221	9	639
149	105	426
825	105	1122
133	22	657
1270	6	602
323	116	170
206	3	29
1343	160	311
1226	16	171
957	66	304
255	105	727
53	6	802
625	116	170
526	4	76
1594	122	13
140	45	404
1416	108	521
549	20	522
582	6	1297
1461	34	853
1271	15	46
221	8	4
495	36	1637
172	15	46
1269	6	49
1889	36	742
411	9	1049
544	15	46
985	19	1663
1731	211	1920
557	35	369
469	7	185
542	64	1859
266	36	2198
205	35	942
443	43	2101
753	46	1030
484	3	48
570	22	87
2042	64	1226
2373	3	372
1416	108	1360
1025	46	1492
1197	89	153
2374	3	29
2375	141	2
1767	105	287
198	1	117
1179	16	659
2376	48	1036
16	9	734
1248	10	78
1462	136	1528
588	9	178
705	201	378
1188	3	29
1761	6	1198
1224	6	1349
391	32	2242
1500	108	320
661	81	101
394	22	146
1530	75	467
565	160	238
1757	34	603
1132	46	918
557	35	2306
2273	36	2007
955	7	225
977	81	307
2087	36	896
1189	158	856
557	35	209
253	3	21
1219	16	171
800	107	407
123	36	769
178	22	146
1018	9	945
408	9	581
1741	7	1576
180	19	1861
329	22	2079
2167	3	29
316	26	126
527	26	170
1030	1	752
1338	45	151
777	3	29
455	35	929
545	30	2377
207	4	76
22	40	616
4	32	398
2378	36	718
968	160	311
1285	11	758
930	127	310
11	16	1144
1433	16	16
14	35	207
2190	16	637
770	22	378
516	19	780
432	118	2379
2038	29	65
397	97	2
81	1	1225
1767	36	323
540	4	76
1192	109	1949
596	15	46
1232	32	951
338	46	2237
702	46	473
1013	15	46
1360	108	1500
296	11	758
2380	35	619
1000	81	411
659	19	592
1426	22	170
854	116	673
501	89	265
2381	11	921
433	19	2255
812	22	87
197	16	400
2344	139	2382
747	42	2310
239	64	291
1811	105	923
2	127	696
485	19	1547
2383	139	136
1066	7	1262
103	208	1128
938	6	316
13	133	211
405	34	1478
1489	54	387
640	30	1919
370	117	1239
169	121	736
6	35	1755
829	34	1166
756	15	941
636	16	2116
866	3	48
591	40	660
803	109	2208
1060	16	101
493	1	979
398	7	1535
2212	156	25
289	35	206
119	9	1460
1551	45	82
329	45	82
907	22	157
2335	36	428
2384	3	29
71	9	1520
443	123	601
1704	48	1280
128	3	29
560	81	171
2255	16	433
451	81	925
16	19	710
104	6	1200
62	22	377
2074	136	1972
79	7	814
1090	111	1290
262	16	400
984	22	377
1109	105	406
160	6	2071
2367	93	146
2385	11	834
2034	35	1827
53	6	514
1150	26	170
669	6	543
10	6	1358
146	127	2367
593	208	170
735	7	572
1362	0	1987
557	35	2113
1145	158	699
22	68	777
958	36	2017
692	16	1532
725	0	2338
1353	11	834
2232	120	2386
234	13	233
594	163	679
1531	4	76
251	46	2237
882	46	807
1235	6	707
80	6	814
153	47	687
182	15	941
1009	193	1322
106	0	1930
1290	6	518
2195	68	10
699	64	790
151	60	1842
2000	3	29
1670	200	698
411	9	2115
1644	179	245
1013	89	155
938	7	162
117	36	198
103	109	1949
1250	70	1299
57	36	1549
1833	42	126
804	45	1481
227	37	471
1157	11	834
352	7	587
912	3	29
38	45	404
401	123	601
1072	6	1293
961	203	2143
324	6	280
145	6	1085
981	156	774
2178	121	60
125	4	76
399	3	29
892	16	622
287	3	29
1714	19	33
851	208	1128
212	162	705
940	22	146
1784	135	126
542	64	1152
1470	16	491
1889	4	76
316	36	754
797	7	352
1696	45	82
551	3	29
1524	44	2131
2133	3	29
692	3	29
829	34	532
256	6	599
1347	26	1929
1388	7	1415
397	1	875
2387	44	799
1764	4	76
1130	35	1068
501	22	146
182	1	899
899	16	588
823	153	425
247	155	185
330	40	903
546	7	861
1002	15	46
137	15	46
2388	61	2389
353	35	2238
907	145	1849
667	70	1828
276	123	840
589	3	29
1025	7	95
612	177	374
546	6	861
2327	4	76
56	45	490
771	81	2358
322	29	577
484	7	252
688	22	377
2390	3	29
405	34	1626
35	12	2391
0	34	1671
221	9	593
1503	84	170
1707	4	76
146	0	2268
899	157	234
2254	29	1758
581	1	602
599	7	255
1626	7	534
805	3	29
723	158	1353
2163	62	972
154	103	344
858	113	344
1117	3	29
629	44	1183
1929	142	2152
1648	32	1490
1331	3	29
726	6	128
624	22	2
343	116	170
1183	87	350
420	14	899
613	6	598
1603	187	633
16	9	99
37	60	754
886	36	2392
1829	36	1883
1112	70	243
842	45	404
682	3	29
156	81	965
906	128	350
514	7	1615
101	9	222
251	171	898
170	164	2393
557	35	1844
1688	8	391
797	6	979
451	89	450
641	40	331
178	81	16
2394	11	758
899	3	29
533	60	1568
575	30	126
290	3	29
142	47	1492
814	30	126
1306	7	1910
1322	26	2109
125	3	29
2395	0	385
16	9	231
677	42	170
369	6	790
1574	30	170
270	22	377
106	0	1319
482	34	738
1132	36	1090
664	3	29
1522	36	991
1183	87	629
1312	26	2297
127	3	29
1335	22	146
1312	3	29
104	6	905
1369	45	404
1492	1	1025
1871	7	423
1597	3	29
411	8	836
663	9	109
1218	22	146
1626	30	673
1407	99	358
1137	7	1742
518	6	346
393	6	398
682	14	456
2107	4	76
1741	4	76
174	8	1648
599	7	598
24	11	220
400	19	73
830	107	407
1793	174	146
908	1	909
1047	15	46
543	7	145
151	60	1229
1737	1	442
1887	75	396
1479	4	76
1638	16	2313
1382	115	430
55	6	1270
965	9	2396
1388	46	251
2262	7	762
1658	3	21
152	45	82
2270	144	306
528	9	2244
385	11	834
2397	107	1016
255	7	599
913	7	1684
2111	31	2333
567	207	322
61	9	770
22	68	635
783	45	19
481	89	155
1527	16	622
275	102	922
1054	165	1464
899	14	420
70	29	302
2273	36	1637
1524	44	1357
275	12	2398
626	32	1387
2107	105	98
2007	22	378
1360	108	968
291	4	76
543	46	1047
640	92	639
802	6	125
1218	22	377
1180	45	1579
1766	34	349
2129	15	46
753	6	752
16	9	274
2399	155	1318
18	159	134
1675	3	29
860	3	1425
1	16	659
707	6	1235
1218	45	404
452	34	112
565	108	138
2151	99	360
431	93	309
454	22	378
1039	146	939
2246	34	1815
320	108	1361
251	171	908
14	35	1247
1065	43	196
501	22	2
1845	211	2400
27	8	391
563	26	1390
1842	1	469
2401	29	1512
878	11	921
668	19	1882
104	3	29
1467	4	76
221	9	608
1474	15	46
171	9	201
103	22	170
459	16	400
145	7	1826
2102	22	377
712	35	2140
353	48	557
452	34	207
965	9	269
1180	43	1957
405	34	243
2326	166	78
119	9	69
753	7	746
815	47	760
2186	3	21
1121	3	21
1789	15	46
1235	6	53
42	84	170
153	46	671
1766	34	951
1462	88	1043
671	75	1387
2059	6	555
1264	64	1117
1151	128	350
1432	114	238
376	22	2
2402	34	948
907	22	2
594	163	549
1348	7	1224
1938	151	1007
307	9	1809
99	81	588
823	45	82
322	207	146
923	7	924
1791	192	126
149	36	389
466	89	142
1770	31	1976
860	6	949
331	40	591
832	46	439
843	16	71
2403	42	170
2268	2	2404
2279	182	2405
810	163	2406
2407	3	29
2408	142	1768
214	0	2409
2410	176	898
2411	11	834
238	0	2412
524	118	2413
2414	3	21
2415	99	358
2042	64	2416
2417	19	1085
2418	3	21
787	165	2419
2420	0	2421
2422	186	499
2423	99	360
1436	200	2424
2425	123	601
2426	41	82
2427	156	25
2428	3	29
2429	3	29
2397	214	2026
2430	11	834
2431	120	1834
2432	143	25
2433	0	416
2434	64	2064
1436	200	2435
2436	139	136
1340	3	2437
2438	99	2123
2439	35	1483
1864	211	2440
2441	2	203
598	30	2442
2292	31	2443
2444	35	830
35	12	2445
1174	159	2446
2447	3	29
257	30	2448
2449	88	1692
2450	30	1538
2451	195	1625
2452	190	1158
1675	115	2453
669	26	2454
2455	48	749
2456	99	360
1033	16	2457
2458	42	170
1444	3	2459
2460	41	342
146	0	2461
1436	200	2462
2463	60	481
1022	46	2464
708	30	2465
2466	35	492
2467	195	961
2468	19	695
1464	30	2469
2470	101	78
2471	26	449
2472	16	2313
433	19	2473
825	46	2474
2475	55	697
1371	107	2476
2477	156	792
373	36	2478
1572	0	2479
2480	118	2481
2482	155	15
2483	115	2484
2485	81	795
2486	156	792
2487	42	1443
835	0	2488
2489	156	792
2490	24	146
2491	62	825
158	30	2492
2493	64	987
940	111	2494
945	116	2495
984	116	2496
2497	129	29
536	181	2498
2499	42	1912
2500	116	1325
