0	8	1
2	74	3
4	36	5
6	11	7
8	47	9
10	1	11
12	12	13
14	12	15
16	12	17
18	53	19
20	68	21
22	54	23
24	36	25
26	5	27
28	15	29
30	1	31
32	84	29
33	7	34
35	30	36
37	16	38
39	34	40
41	14	42
43	45	44
45	12	46
47	12	48
49	12	50
51	55	52
43	30	53
54	12	55
56	18	57
6	11	58
59	14	60
61	1	62
30	1	63
1	68	64
65	24	66
67	34	68
69	1	62
2	63	70
71	7	72
73	5	74
75	15	76
77	30	78
79	12	37
80	1	81
82	30	83
39	41	84
85	16	86
87	12	88
2	63	89
90	36	91
92	55	93
94	12	95
96	30	97
37	12	98
99	36	100
101	2	102
6	11	103
56	66	104
105	12	7
58	12	106
6	11	107
10	1	108
109	20	110
76	16	111
85	12	112
113	39	114
115	63	116
117	24	118
119	12	120
55	12	88
121	30	122
123	12	16
124	14	125
37	12	45
73	55	126
122	30	127
128	32	129
33	1	130
131	11	98
92	55	132
133	41	134
135	70	136
6	11	137
25	36	138
94	12	17
94	12	67
139	12	140
14	12	141
142	36	138
143	6	144
145	8	1
146	70	136
45	12	106
147	1	62
148	12	149
43	30	150
151	12	152
73	55	153
123	41	154
155	55	132
115	63	156
92	55	157
158	1	62
159	36	160
161	55	162
163	30	164
92	5	74
165	77	166
167	41	168
2	63	169
46	12	170
85	16	171
92	55	172
173	1	174
175	5	170
176	20	177
14	12	178
179	1	180
132	11	181
56	18	182
92	1	183
42	7	184
122	30	159
170	12	185
186	12	187
188	4	189
190	16	191
192	32	193
56	66	194
101	2	195
10	1	196
185	12	58
170	12	55
197	12	85
114	22	198
92	1	199
110	14	200
201	30	122
202	28	56
203	1	204
205	30	206
207	15	12
208	7	209
210	63	211
212	30	213
214	55	52
170	47	215
69	1	216
107	12	217
55	12	120
6	11	218
92	1	219
220	16	221
222	12	223
224	63	225
226	8	227
120	12	228
229	12	94
230	12	8
231	32	232
233	27	234
235	71	236
78	30	237
236	30	73
238	1	239
240	17	241
214	1	180
88	12	242
10	19	243
244	30	122
245	12	246
6	11	37
176	20	247
95	12	12
145	22	248
80	7	249
250	63	2
251	32	193
122	30	252
6	11	229
253	16	254
37	16	255
256	30	122
257	67	73
258	42	259
170	12	58
260	56	68
193	32	261
262	34	40
263	1	264
172	1	239
265	36	266
267	30	268
269	30	236
270	30	36
217	12	50
112	12	46
90	36	271
272	30	122
165	77	273
14	17	40
88	47	274
132	11	275
122	30	276
277	1	62
56	18	278
277	1	279
50	12	47
280	5	27
140	34	133
281	16	282
283	55	52
240	36	284
285	30	236
122	30	286
287	30	161
132	1	288
289	36	290
228	12	120
291	1	11
292	15	220
293	9	294
120	12	295
142	36	160
165	77	296
297	16	298
299	12	300
301	15	302
303	68	304
305	24	118
114	8	21
2	63	306
307	87	9
281	12	13
308	15	73
165	43	309
310	12	37
311	37	312
313	28	56
314	71	236
90	36	315
92	1	316
110	1	239
120	12	185
317	71	318
319	36	320
117	24	66
310	12	13
321	15	139
22	9	322
185	47	323
324	77	325
326	12	327
220	12	328
275	12	329
330	64	331
30	1	62
332	5	74
302	12	16
67	12	333
165	77	334
56	66	335
165	4	336
337	40	338
88	12	170
187	12	67
291	14	277
339	71	340
341	30	342
228	12	8
343	65	344
345	40	310
313	34	68
90	36	346
170	12	220
347	30	236
348	15	29
159	36	349
92	67	73
72	14	71
165	77	350
120	16	351
352	30	236
353	13	354
185	12	355
356	30	357
358	7	359
45	12	360
176	14	361
362	30	363
364	87	365
185	12	85
366	14	367
368	34	369
90	36	370
371	28	330
46	12	45
372	30	357
132	11	58
47	47	373
333	12	67
374	11	37
375	36	376
377	12	220
378	36	379
380	15	381
382	84	327
383	1	384
385	12	181
131	11	94
47	23	386
387	1	62
37	12	229
30	32	388
389	24	66
8	12	119
390	30	122
92	55	391
224	63	392
393	71	236
47	12	394
395	15	170
396	12	223
397	1	11
398	12	399
45	12	112
400	5	401
402	1	62
217	12	152
92	1	403
404	41	405
406	71	267
132	11	95
240	41	265
407	36	100
396	12	408
10	1	239
277	55	52
255	15	409
350	67	73
410	34	411
412	55	413
414	41	415
416	71	417
56	18	418
355	16	419
129	36	420
364	40	139
165	77	421
2	63	422
291	1	62
423	71	424
378	36	284
92	55	425
426	36	427
324	77	428
56	18	429
151	12	7
357	30	430
92	1	431
55	12	45
65	63	2
30	9	432
56	18	433
45	12	120
36	30	434
214	1	62
330	18	435
159	55	52
173	1	436
437	32	438
133	16	439
440	17	441
442	50	443
142	36	444
441	10	445
187	23	446
94	12	447
358	53	448
73	55	449
450	36	451
142	36	452
453	15	230
45	12	355
454	12	245
134	16	455
67	30	456
30	5	383
140	12	54
67	12	457
22	9	124
458	65	459
2	63	460
230	16	461
462	12	47
139	55	463
258	5	464
30	5	465
466	12	467
21	68	20
6	11	381
115	63	468
123	12	469
79	16	470
289	30	122
90	36	471
472	24	66
92	1	473
56	18	474
475	15	94
476	40	477
43	41	478
299	12	67
479	12	300
92	1	480
176	20	481
223	12	55
163	16	482
178	12	483
78	36	5
92	55	413
484	20	485
92	55	486
487	30	122
488	55	489
228	47	490
338	12	94
491	28	330
86	87	492
228	12	54
493	28	330
228	12	494
129	58	128
378	36	495
56	18	496
497	12	7
498	12	149
55	12	8
499	30	122
500	30	498
262	52	14
442	6	144
8	12	120
70	63	2
98	12	37
501	71	236
122	30	224
502	30	122
503	1	239
504	47	505
506	12	454
468	63	507
131	11	508
8	12	29
378	30	122
56	18	509
378	36	510
12	12	302
58	16	307
12	23	511
322	30	357
58	12	120
220	12	46
131	11	112
385	16	512
36	30	513
214	1	514
30	1	515
210	63	392
495	1	239
90	36	516
517	15	88
170	12	29
163	55	463
48	55	463
518	71	236
423	30	519
88	12	140
520	86	521
48	34	233
33	1	522
214	1	523
6	11	508
524	24	118
525	36	284
526	30	122
139	12	185
16	12	385
76	12	112
527	30	122
528	53	529
6	11	530
12	12	95
45	34	133
531	65	532
176	1	62
103	12	67
533	30	43
6	11	76
39	12	178
37	12	534
12	12	535
536	32	537
538	55	539
92	55	540
37	12	310
541	30	122
159	55	162
69	1	542
193	32	61
133	27	543
88	12	544
423	30	545
268	30	267
546	62	547
50	12	493
46	12	197
73	55	548
1	68	549
185	12	55
233	27	550
551	30	552
56	66	553
366	51	441
88	12	46
187	12	504
131	11	554
295	12	8
555	19	556
557	15	46
220	12	55
122	30	558
10	1	316
67	12	313
277	1	559
176	20	560
141	12	561
512	40	385
15	52	561
7	12	217
324	77	562
563	12	167
564	71	97
565	63	2
56	18	566
56	18	567
167	12	568
282	15	281
569	71	570
571	30	572
573	71	236
33	1	574
143	64	575
119	47	576
167	12	67
220	12	85
68	27	577
493	47	492
92	1	578
56	50	579
466	12	39
68	27	57
142	36	100
222	12	300
6	11	47
94	12	580
33	1	288
170	12	230
581	34	133
498	52	500
582	20	583
46	12	584
585	65	532
222	12	187
586	65	459
230	47	587
588	20	485
535	12	385
37	12	94
68	9	589
590	8	303
538	55	413
22	9	478
210	78	591
73	55	592
593	30	594
132	1	578
595	30	43
596	0	597
69	1	559
598	63	210
56	18	599
600	12	186
601	14	42
360	12	45
602	20	603
127	30	122
604	55	605
165	4	606
378	36	607
536	9	224
106	12	29
303	68	608
318	71	317
609	73	610
611	2	144
92	1	612
613	30	236
131	11	49
107	34	233
614	12	615
2	63	616
120	47	617
575	19	243
193	32	618
619	71	236
240	36	510
39	12	14
129	36	620
621	62	622
198	29	623
467	29	624
45	12	228
55	12	584
385	16	625
88	23	626
149	12	15
627	36	628
140	12	120
10	1	559
187	47	629
630	1	31
228	12	170
211	63	116
631	55	52
107	16	632
163	16	633
600	41	634
24	36	635
636	30	122
637	55	52
551	1	62
29	12	55
122	30	638
639	55	52
609	15	610
37	12	95
94	12	640
129	36	641
170	12	581
92	1	642
214	32	193
122	30	289
643	1	62
546	1	204
56	66	644
170	16	645
614	12	396
43	45	646
231	32	647
648	36	320
355	12	584
8	12	170
42	7	601
649	30	423
650	36	510
651	30	236
652	5	653
69	1	108
90	36	654
300	12	408
223	12	313
122	30	655
21	68	656
68	27	567
551	1	259
37	12	535
657	20	312
46	12	85
59	5	528
393	30	236
29	12	581
43	30	595
658	30	423
659	12	37
660	1	204
94	47	661
300	34	68
534	12	94
662	24	66
584	12	112
193	32	663
122	30	664
665	14	125
666	28	330
113	51	139
135	9	667
668	32	669
670	30	357
68	27	671
230	12	185
24	36	672
673	47	435
674	1	239
56	18	675
676	30	122
6	11	404
677	70	136
468	9	678
679	23	680
302	30	681
276	30	43
263	55	132
139	47	365
129	36	682
80	56	369
683	37	353
330	18	684
56	18	685
2	63	686
92	1	687
6	11	262
6	11	688
4	36	689
690	65	691
692	24	118
161	30	693
694	30	36
106	12	54
214	1	695
372	24	696
94	12	98
697	2	546
94	12	385
107	12	327
92	1	108
698	30	122
101	2	699
228	12	46
700	63	468
92	55	162
502	1	239
186	12	202
546	32	193
68	9	260
313	12	167
631	36	510
6	11	701
454	12	506
122	30	468
29	12	8
702	71	703
704	84	29
6	11	49
67	12	479
298	15	297
254	51	253
558	41	705
253	20	312
706	30	707
54	12	581
708	19	556
238	1	709
120	12	29
710	36	100
564	71	711
712	1	31
697	5	546
245	12	368
214	58	388
67	12	713
41	2	42
714	12	715
716	55	52
56	18	629
10	16	717
488	55	718
10	1	62
719	20	312
720	1	62
43	9	721
139	12	88
722	55	463
94	23	386
330	18	723
561	12	178
165	77	724
54	12	29
584	12	185
67	12	615
95	12	302
92	1	725
442	6	10
726	55	52
6	11	85
727	85	16
90	36	728
673	34	233
396	12	202
68	27	729
211	63	730
329	34	233
6	11	731
732	30	122
291	1	108
193	32	733
734	63	2
58	12	76
101	2	735
185	55	463
132	11	222
736	13	136
185	12	29
737	32	738
35	5	74
426	36	739
92	1	740
741	87	684
742	67	73
743	71	268
73	55	744
92	1	745
55	12	46
22	73	536
2	24	118
186	12	222
33	1	746
747	5	748
149	12	262
131	11	152
749	15	185
646	15	43
330	18	750
56	50	751
131	11	181
591	19	752
122	30	753
509	72	754
94	30	681
214	1	196
385	12	302
573	30	423
551	55	52
135	58	129
755	15	536
122	30	756
69	1	757
67	12	300
758	63	210
170	12	46
759	65	532
4	36	284
488	55	52
275	12	107
760	30	122
114	33	136
761	45	609
201	36	100
762	30	236
220	16	439
24	36	641
48	12	462
337	15	338
122	30	356
56	18	543
357	30	763
122	30	35
338	12	302
56	66	764
765	30	36
2	63	565
426	30	357
165	4	766
176	14	484
614	12	313
302	12	767
56	66	768
637	30	769
593	67	73
132	11	300
17	12	95
770	44	144
55	12	170
90	36	771
56	18	772
586	65	773
193	32	263
446	16	625
357	30	440
277	1	11
433	38	774
214	1	204
468	5	775
132	11	167
30	1	642
430	30	161
56	66	776
92	55	777
778	30	43
779	5	575
6	11	581
132	11	139
495	1	62
503	1	780
781	63	224
442	6	720
140	12	355
364	15	139
120	12	230
129	36	782
783	30	236
56	18	784
785	52	328
56	18	786
330	18	787
324	77	788
378	36	789
30	1	196
790	72	291
385	47	791
133	27	496
792	30	43
30	1	216
149	12	498
584	12	45
106	12	46
575	1	793
122	30	794
302	12	17
795	47	796
83	30	82
2	63	117
797	30	798
90	36	799
131	11	491
45	12	679
228	12	45
800	34	133
801	12	802
140	16	803
122	30	90
804	9	291
132	1	239
438	32	437
395	15	805
475	40	94
44	9	43
30	42	574
47	12	7
90	36	100
30	14	465
92	1	806
338	12	16
240	30	36
73	78	591
165	77	807
170	12	85
58	12	295
214	1	808
809	55	131
426	36	810
811	55	52
812	55	52
8	52	45
710	30	122
165	4	813
814	55	52
17	12	12
131	11	815
56	18	816
378	51	817
131	11	107
45	12	55
94	12	338
6	11	818
819	7	33
16	12	94
820	55	52
56	18	821
45	12	398
144	55	132
122	30	822
56	18	823
122	30	760
136	0	824
825	71	424
223	12	67
30	1	826
6	11	394
827	71	236
324	77	828
190	28	143
329	28	330
454	12	829
30	55	52
46	55	463
56	18	830
13	12	294
214	1	831
832	56	167
30	32	833
834	65	586
54	12	139
835	55	52
6	11	79
836	63	700
39	12	149
129	36	628
56	66	837
143	50	838
839	40	355
176	14	840
297	13	354
679	12	45
143	64	621
139	12	230
841	36	284
87	30	29
95	12	17
7	12	152
355	12	230
69	1	316
530	23	226
842	28	330
843	30	96
372	24	66
263	1	62
92	55	844
214	30	78
845	45	846
331	1	847
122	30	848
430	30	43
305	30	804
302	12	580
303	68	849
513	30	36
111	15	809
6	11	815
396	12	222
122	30	850
851	8	303
6	11	220
454	12	852
853	55	52
854	28	143
16	12	454
139	12	119
2	63	855
92	1	856
468	63	700
857	63	2
2	63	389
122	30	858
132	11	37
133	16	557
179	1	62
277	1	859
122	30	860
861	70	136
862	4	863
864	30	164
686	24	66
371	34	233
159	36	100
73	30	236
267	30	865
240	56	866
867	5	74
546	0	203
295	12	120
258	5	868
132	11	120
869	14	71
333	34	68
6	11	300
870	14	528
871	43	309
6	11	872
209	14	208
873	34	369
78	36	100
874	12	385
875	71	236
311	16	75
88	12	119
775	32	876
263	32	193
877	14	42
878	71	879
291	1	239
30	67	73
80	5	880
43	30	881
36	30	882
883	19	884
802	1	885
368	12	245
58	12	45
886	32	179
887	30	423
13	12	535
39	12	467
92	55	888
277	1	885
8	12	55
193	32	889
56	66	890
68	27	474
891	71	236
6	11	327
860	30	43
220	52	87
29	16	348
56	50	892
142	36	893
674	62	894
226	14	277
584	12	139
165	4	895
835	30	122
686	63	2
277	1	687
565	30	804
896	30	363
442	6	591
8	23	680
73	55	897
50	12	327
330	50	898
185	12	581
396	52	899
90	36	900
594	30	901
167	12	103
902	40	119
230	12	228
2	63	903
116	63	115
815	34	233
54	12	230
6	11	294
46	12	295
904	1	62
132	11	220
905	30	213
906	70	136
368	12	454
6	11	907
6	11	167
742	35	358
394	47	908
331	1	436
614	12	504
324	77	807
909	8	910
258	1	204
29	12	185
193	32	173
911	42	912
907	34	68
176	20	913
575	1	239
374	11	186
165	77	914
699	0	591
90	36	915
240	17	916
222	12	917
68	27	543
105	28	330
291	8	918
919	65	532
705	70	136
95	16	920
133	27	921
132	11	170
106	12	55
922	65	344
15	17	40
396	55	463
37	16	414
386	33	144
217	52	107
50	34	233
46	12	112
37	12	508
163	16	923
851	14	358
291	8	227
924	11	37
925	40	800
92	55	924
78	36	926
92	1	384
446	8	303
230	16	453
122	30	853
197	34	133
905	71	798
96	30	927
73	1	11
928	30	96
504	28	56
37	12	17
929	28	330
930	30	931
211	63	932
294	16	933
92	55	934
240	17	650
56	18	935
132	11	88
92	1	936
937	8	938
139	16	321
58	12	355
815	28	330
173	1	757
58	12	8
310	16	345
939	34	940
220	55	463
941	15	58
165	77	942
85	12	55
277	1	239
129	36	100
943	1	239
944	30	798
907	47	945
446	37	946
94	12	947
119	34	133
814	30	36
90	36	948
152	12	217
76	12	29
497	28	330
946	7	446
920	15	95
193	14	949
30	5	214
381	16	380
520	73	748
789	30	36
228	16	950
951	7	736
223	12	120
73	55	952
953	51	186
299	12	186
848	30	36
525	36	510
46	12	76
156	63	210
385	12	17
954	55	52
6	11	139
955	68	21
311	16	956
294	12	95
56	18	957
937	2	198
30	5	958
179	32	214
683	14	353
186	12	67
442	50	959
54	16	960
961	30	122
49	12	275
133	41	85
962	30	122
851	8	963
12	12	94
291	1	964
415	48	965
185	12	112
238	62	966
2	9	967
43	30	533
193	32	968
857	24	118
210	63	156
167	41	969
88	34	133
673	12	394
67	12	614
970	51	55
73	55	718
715	28	143
170	12	139
563	12	568
971	68	21
258	5	27
905	30	424
71	67	73
56	18	972
327	12	217
291	22	621
872	28	330
19	8	973
187	34	68
39	12	498
45	16	75
107	12	50
423	71	954
303	68	974
907	28	56
2	63	250
92	1	975
43	45	846
266	14	125
504	12	187
509	38	386
90	36	349
565	24	66
903	24	118
555	62	976
536	36	977
468	17	210
491	12	50
6	11	222
268	71	978
836	30	43
131	11	105
979	20	603
56	18	980
129	1	578
291	67	92
119	12	139
224	75	981
210	24	66
982	69	937
983	71	164
6	11	39
73	55	605
349	36	100
12	12	874
24	36	349
628	1	62
984	5	528
30	10	388
145	2	312
90	36	985
986	16	987
56	66	988
122	30	989
747	14	748
990	1	239
16	12	123
378	36	991
2	63	992
614	34	68
568	12	223
47	34	233
993	38	994
2	63	995
151	23	511
996	8	997
29	12	230
800	12	139
92	1	998
221	15	220
1	68	999
56	18	1000
73	55	1001
181	12	13
55	12	140
258	42	522
92	1	1002
152	12	50
161	30	430
735	29	485
527	30	287
101	2	1003
1004	75	1005
85	12	220
58	47	492
56	66	1006
151	34	233
46	16	439
68	27	433
2	63	734
122	30	1007
30	1	514
1008	32	193
313	12	408
30	1	695
876	75	468
1009	56	68
56	66	1010
1003	1	62
1011	70	136
30	10	1012
230	34	133
132	11	29
497	34	233
132	1	199
245	41	1013
137	55	463
88	16	113
56	18	1014
16	12	12
466	12	141
107	12	47
56	18	1015
1016	12	230
738	32	1017
110	2	1018
165	43	1019
49	12	7
1020	65	532
312	44	144
1021	45	609
92	55	1022
176	20	102
6	11	50
30	1	1023
181	41	293
809	14	1024
6	11	302
92	55	1025
1026	30	901
179	32	1027
90	36	1028
120	16	1029
6	11	1030
47	12	1031
173	1	831
92	1	196
330	18	796
220	12	170
6	11	1032
858	36	349
92	1	1033
564	36	100
37	12	302
92	1	1034
37	12	986
889	1	62
43	30	1035
68	9	1036
1037	68	21
55	16	1038
477	16	476
56	18	1039
73	41	308
1040	41	558
561	34	40
426	36	510
1041	2	198
56	18	1042
594	36	100
152	12	107
55	12	185
586	65	1043
1044	71	769
33	1	259
176	14	582
291	1	1045
349	36	1046
30	32	387
112	12	76
88	16	1047
132	11	13
8	12	88
17	12	535
210	63	670
232	32	231
313	23	680
349	36	728
561	12	141
1048	71	905
1049	30	213
353	44	144
165	4	1050
88	12	1051
228	16	1052
258	1	1053
143	50	892
584	12	55
92	42	1054
56	18	945
1055	12	79
1056	30	164
94	16	475
241	36	284
881	30	43
1	68	1057
947	12	385
506	12	802
1058	11	186
330	18	1059
956	15	230
92	1	1060
1061	4	863
326	12	7
122	30	1062
568	34	68
1063	55	413
122	30	1064
408	47	1024
302	16	625
68	27	1065
1066	38	590
233	27	1067
479	12	67
554	34	233
140	12	29
805	16	1029
116	63	700
69	1	885
6	11	281
660	32	193
56	50	1068
503	32	193
224	63	781
245	12	1069
498	12	39
423	55	52
142	36	1070
1071	7	33
129	1	204
195	2	136
702	71	1072
29	12	377
122	30	1073
293	9	37
267	71	406
306	63	2
71	44	144
597	0	596
2	63	73
358	7	1074
211	63	210
165	77	1075
1076	30	205
324	77	1077
122	30	1078
674	0	136
94	16	920
92	1	204
167	47	1079
1080	40	50
92	1	1081
56	18	1082
122	30	1083
1084	55	52
94	12	1085
1016	28	330
536	9	332
214	55	374
223	12	568
245	12	873
763	30	43
1086	71	236
1087	15	110
326	28	330
142	36	628
656	68	21
684	38	511
133	27	1088
717	86	1089
1090	43	165
56	18	1024
193	32	1008
88	12	139
416	71	1091
92	1	1092
394	12	47
6	11	120
2	74	590
590	33	144
140	12	58
905	30	94
372	63	224
128	70	136
185	12	170
602	20	1093
478	73	43
1094	71	236
699	1	204
8	16	307
267	30	406
1095	36	100
88	12	106
2	74	611
152	12	327
8	34	133
176	5	74
103	12	167
536	36	510
198	8	303
92	1	1096
56	50	1097
129	32	1098
456	30	67
107	12	152
1099	84	186
79	12	1055
90	36	1100
602	20	102
785	16	1101
170	12	355
48	12	385
257	30	36
36	30	1102
37	12	338
131	11	872
90	36	1103
1104	12	701
143	50	443
1105	29	1106
1031	47	1107
122	30	283
646	59	23
311	16	1108
308	15	1005
762	71	236
2	63	1109
230	12	581
30	10	1011
406	71	1110
1031	28	330
131	11	48
73	55	1111
295	12	46
43	16	646
122	30	1112
1113	12	67
230	12	170
73	55	489
228	16	1114
230	16	956
173	1	1115
1018	20	110
277	1	831
56	18	1116
1117	19	1118
529	8	21
43	30	730
88	12	581
48	16	1119
385	12	94
14	12	262
229	12	16
224	63	1120
122	30	1121
1122	12	186
1123	63	2
827	71	954
92	1	1124
748	62	1125
324	77	350
396	12	313
24	30	122
224	63	1126
357	30	426
693	30	161
1127	43	309
1128	71	236
1129	71	1130
161	55	413
45	16	111
396	12	600
29	12	85
149	12	178
1131	41	609
80	1	687
1132	53	982
58	12	67
73	55	1133
767	12	94
6	11	295
1134	55	52
6	11	1135
92	1	1136
122	30	1137
1138	71	1139
10	1	687
383	1	975
442	6	943
69	1	1045
122	30	378
165	4	1140
1141	15	50
133	27	1142
758	63	116
33	7	1071
56	18	1143
56	18	1144
300	12	223
15	12	149
165	77	828
268	71	1145
116	63	758
45	30	134
286	5	74
176	20	1146
143	50	1147
131	11	17
106	12	220
43	30	763
56	18	1148
426	36	893
396	12	722
132	11	190
187	12	186
1149	28	330
1150	71	236
1063	36	100
670	63	224
229	12	95
324	77	1151
202	34	68
71	7	869
193	32	1152
484	14	125
705	41	558
303	68	1153
143	50	959
1154	32	193
56	18	1155
1156	71	1157
56	50	1158
378	36	1159
107	12	275
1160	71	905
69	1	81
1161	1	62
69	1	1162
458	65	1163
295	16	482
699	2	101
302	12	508
37	12	79
1164	55	52
220	16	557
291	1	1165
132	11	49
132	11	217
2	63	1166
535	12	281
68	27	1079
1167	36	100
132	11	854
30	1	239
331	1	745
700	24	66
507	63	156
798	30	905
600	12	568
387	32	129
302	16	1168
561	12	39
286	55	413
13	12	302
122	30	1169
1170	24	118
92	55	1171
446	8	1172
95	12	294
911	42	712
6	11	535
1173	30	36
90	36	1174
253	8	303
861	55	52
601	37	42
185	23	774
142	36	1175
67	12	504
90	36	1176
1177	24	66
891	71	954
1035	30	43
1178	71	236
142	36	598
722	12	614
1179	41	33
120	12	140
92	1	1180
30	1	687
214	1	885
120	12	58
238	1	1081
1181	30	213
568	12	408
129	36	1182
406	55	52
8	12	295
122	30	1183
1184	30	1185
185	16	255
69	1	745
1186	1	62
47	12	462
116	63	507
56	18	373
185	12	228
122	30	1187
7	28	330
479	28	56
165	77	1188
551	30	901
1189	30	423
21	68	1190
1191	32	193
80	55	374
139	23	195
43	30	372
45	12	58
139	12	800
1192	24	118
312	7	657
249	14	80
156	63	116
156	63	211
302	47	723
426	36	628
223	12	187
142	36	1193
56	18	1194
149	12	467
90	36	1195
228	12	55
220	12	88
240	17	536
747	2	748
10	1	216
6	11	1196
355	16	839
1197	30	36
24	36	1198
92	1	1199
1200	16	1201
1138	55	52
68	27	1024
330	50	838
165	4	1202
56	18	1203
43	30	1064
1204	30	122
58	12	170
56	18	1205
946	67	73
140	12	106
18	44	144
1149	16	1206
132	1	130
56	66	1207
182	38	754
1208	5	176
210	63	758
224	24	696
1209	30	122
1210	71	236
224	30	1211
122	30	861
1212	30	122
122	30	1213
143	50	1214
94	12	281
42	16	1215
139	34	133
33	67	73
95	12	229
355	12	58
92	1	1216
68	27	1217
186	12	600
331	1	1053
120	12	88
132	11	561
1218	38	754
1219	71	1220
392	63	210
367	30	357
1221	30	122
468	45	1222
240	36	100
268	71	236
535	12	302
1098	58	129
90	36	1223
245	34	369
313	47	1224
4	36	1225
193	32	1154
324	77	166
584	12	170
1226	71	1227
176	14	125
129	36	1228
22	9	1229
1230	12	94
24	36	1231
176	20	1232
861	30	122
7	12	105
302	16	1233
122	30	1234
47	16	1235
143	50	1236
6	11	45
1237	55	52
122	30	538
156	63	507
122	30	636
220	12	228
424	30	423
385	16	1238
233	27	1239
83	24	66
116	63	210
507	63	83
37	12	659
92	55	1240
295	16	1241
1242	12	802
22	55	52
277	1	826
92	1	1243
10	1	1244
615	12	408
386	8	1
96	30	1245
1246	1	62
280	1	239
328	12	140
408	12	167
811	71	1139
17	12	94
73	55	1247
48	12	275
872	12	50
1248	35	42
946	13	136
447	12	94
94	55	463
92	55	1249
179	32	886
705	10	146
230	16	1108
302	23	386
90	45	1250
932	63	210
208	53	909
29	12	785
94	12	767
563	28	56
536	32	1251
68	27	1252
22	15	43
586	65	1253
1254	63	2
56	66	1255
1256	5	358
6	11	170
48	12	137
92	1	1257
6	11	584
1258	71	213
107	12	7
291	8	790
1184	30	1220
90	36	1259
90	36	1260
224	30	1261
69	1	612
56	18	1262
593	30	36
8	16	1263
327	12	151
120	12	8
702	30	707
167	41	832
468	17	43
2	63	662
355	12	45
73	55	1264
442	6	331
1265	71	236
87	34	133
1109	24	118
1192	24	66
80	1	239
230	12	85
6	11	614
355	12	185
500	12	88
90	36	1266
1267	30	122
302	55	463
629	2	446
165	4	1268
956	15	311
92	1	1269
142	36	90
10	1	264
442	50	1147
152	28	330
385	16	301
88	12	1270
179	32	193
1271	55	52
173	32	193
1272	55	52
1273	30	122
366	73	367
122	30	1274
217	12	872
627	36	510
143	64	1275
147	19	1237
78	30	36
1276	19	1277
69	1	1278
389	76	291
61	1	239
131	11	7
113	15	88
446	14	946
129	58	1012
1279	71	232
852	12	469
447	47	1218
493	12	50
49	47	684
139	12	228
165	43	1280
222	34	68
233	29	274
122	30	911
56	18	1281
6	11	186
804	24	66
1282	41	558
504	12	300
700	63	210
56	50	1283
4	36	1284
839	15	46
297	13	214
1215	15	1285
45	12	1270
581	12	88
33	1	515
324	77	1286
253	1	62
1287	24	66
94	16	414
12	12	385
92	1	11
220	12	139
442	6	61
1288	12	47
519	30	423
33	9	667
423	30	1289
140	12	139
175	87	215
92	55	1290
30	41	22
67	12	187
151	28	330
214	1	63
779	2	575
6	11	666
372	63	211
90	36	1046
92	1	847
223	55	52
88	12	500
1291	2	358
1292	30	67
224	75	1293
56	18	1252
310	17	133
1294	63	116
13	12	181
55	23	680
858	36	1095
300	12	479
69	1	578
122	30	526
92	1	514
1295	14	71
50	12	842
6	11	929
56	18	921
1275	62	622
1120	63	210
640	12	94
163	16	1296
88	12	185
165	43	1297
378	36	1298
176	20	951
30	1	403
408	28	56
1299	8	1300
73	55	1301
1	68	1302
73	55	1303
90	36	1304
92	1	793
299	28	56
10	1	1115
106	28	330
122	30	390
50	16	1080
1305	0	203
3	69	611
6	11	554
396	12	186
1229	9	432
56	18	1306
69	1	1053
120	12	800
167	12	722
73	55	1307
457	12	223
263	5	880
55	12	355
90	36	1308
1309	55	52
78	36	689
349	36	420
193	32	251
423	30	1310
565	24	118
906	41	558
56	50	1311
374	11	190
46	12	88
1312	38	590
56	18	1313
396	12	614
568	28	56
582	20	485
73	30	96
858	30	36
1314	71	905
73	55	1315
901	30	594
324	77	1316
223	28	56
6	11	947
230	12	355
229	12	37
92	55	1317
1192	63	2
581	16	1029
343	65	532
1318	24	66
1319	32	193
142	36	25
30	5	665
986	12	95
378	36	1320
122	9	1321
280	5	74
193	32	1322
903	76	386
122	30	1323
122	30	1324
101	2	1093
946	35	1248
229	55	463
397	1	239
122	30	1325
1326	71	73
55	12	58
302	16	1327
581	12	170
143	6	575
1328	71	1139
412	30	122
220	12	54
291	22	277
17	12	37
68	27	1224
1329	36	100
186	12	299
167	12	187
54	23	719
385	23	446
185	12	584
609	73	1021
857	24	66
142	36	1330
50	12	105
33	1	1331
1332	1	239
186	12	120
224	63	1333
1211	30	96
90	36	1334
483	12	178
324	77	1335
56	18	1336
1337	24	66
1338	36	451
120	12	45
1	68	1339
58	52	295
546	7	697
1340	30	122
1341	40	795
68	27	1342
715	12	714
426	36	1343
92	1	1344
65	24	118
133	27	274
96	30	928
327	12	7
122	30	1173
923	15	163
90	36	1345
277	1	1124
1346	30	1161
311	8	1
165	77	1347
423	30	658
1346	30	237
68	27	1348
262	12	39
68	27	182
6	11	874
142	36	1349
120	12	139
1350	63	2
133	27	215
1149	34	233
1351	37	358
475	87	661
424	30	905
468	63	932
92	1	1352
358	7	1353
561	12	467
68	27	1143
996	14	42
225	63	224
408	12	722
90	36	1354
29	41	704
1355	36	100
90	36	510
858	36	427
167	12	313
6	11	17
1356	30	236
92	1	180
47	12	107
73	55	1357
6	11	795
438	30	96
551	30	1358
29	12	76
367	30	1261
1359	30	363
330	18	1360
297	16	1361
534	12	37
1187	30	122
68	27	1362
1363	30	1184
30	55	413
804	74	611
331	1	975
495	1	216
378	36	1364
1365	53	1366
904	1	239
6	11	8
217	28	330
1367	30	122
1368	84	167
324	77	1369
561	12	15
22	9	1321
22	14	1005
198	67	73
2	63	1370
56	50	1371
30	1	709
640	12	37
494	12	228
6	11	329
214	1	1278
133	41	119
228	12	355
7	12	50
67	30	1372
923	5	1373
67	28	56
568	12	396
1055	12	37
14	47	1374
171	87	9
302	12	12
69	1	1375
330	18	993
308	15	1376
165	77	1377
87	52	220
30	9	465
830	38	311
122	30	536
1242	34	369
101	2	1237
255	15	185
45	12	29
230	16	1378
528	44	144
140	12	785
186	12	568
76	12	8
10	1	695
92	55	1379
1005	7	22
799	1	62
223	12	396
907	12	396
56	18	1380
61	32	193
1	68	955
1047	51	805
85	12	58
261	32	193
122	30	1381
140	12	46
222	28	330
748	7	747
76	23	680
575	56	369
122	30	1382
1383	63	2
176	67	73
735	29	583
131	11	47
142	36	1332
1149	12	50
576	38	719
330	18	1384
666	47	1385
122	30	1273
1386	34	369
122	30	527
56	66	1387
90	36	1225
1388	55	52
1389	30	43
139	12	584
1390	71	213
84	15	39
106	16	1391
277	1	108
306	24	66
214	1	239
1200	16	1392
614	12	479
568	12	600
1393	8	1394
561	12	149
73	55	52
920	15	94
378	36	1395
1396	55	52
214	1	1060
120	16	517
29	52	220
10	1	578
1397	65	532
378	36	1398
1399	38	1400
323	38	774
291	1	826
6	11	202
705	58	1401
366	15	367
681	16	1402
92	55	979
960	40	54
142	36	1403
1012	32	129
56	18	1404
1405	15	355
24	36	427
416	30	423
811	71	236
140	12	185
1406	20	1093
150	30	43
129	36	602
858	36	1198
659	12	13
29	12	220
680	8	303
132	11	447
291	30	804
217	16	1407
90	36	1408
722	28	56
110	14	109
457	12	67
44	14	43
968	32	193
68	27	1409
378	36	1410
54	12	85
1411	12	1412
446	16	512
30	9	1005
46	16	557
1413	87	1059
1414	15	262
738	32	1415
233	27	1416
90	36	35
6	11	54
26	5	1417
58	12	88
1362	38	1418
713	12	67
69	1	847
742	53	1419
56	50	1147
73	1	204
854	12	715
92	1	885
92	1	239
6	11	1412
45	55	463
937	37	1132
845	55	52
85	12	8
389	63	2
291	1	856
15	12	14
132	11	67
211	63	372
184	37	42
186	12	722
56	66	1420
43	30	836
58	55	463
722	12	396
387	70	136
1256	14	358
1168	15	302
1346	30	1421
1422	12	222
710	1	239
54	12	228
230	12	29
56	18	505
122	30	710
305	24	66
210	74	291
105	34	233
210	63	1126
313	12	67
597	62	1423
645	40	170
1424	10	1294
131	11	302
1425	53	110
419	15	46
179	1	239
45	12	85
800	55	463
1426	5	68
1427	55	6
402	1	239
69	55	52
287	30	43
1428	38	1400
536	32	1429
410	55	463
1430	37	353
68	27	373
1129	71	570
1370	76	291
307	15	8
161	55	934
460	63	2
1431	71	236
385	12	48
328	12	220
193	32	214
803	40	140
673	16	1080
56	50	1236
1432	30	423
179	1	1136
233	27	1384
120	12	170
68	9	1426
1433	71	954
92	1	1434
396	47	373
43	10	876
36	30	144
967	63	2
185	12	120
749	40	185
453	15	311
29	12	170
291	1	81
1031	41	1435
809	1	239
385	12	12
1436	65	773
214	1	108
90	36	1437
1261	30	367
129	5	1438
209	8	1439
95	12	94
187	12	167
748	7	520
114	8	1440
929	47	1441
122	30	1442
30	1	1045
185	12	88
1443	34	1444
56	18	1217
491	55	463
69	67	73
222	12	67
120	34	133
43	30	211
604	67	73
39	12	262
50	12	107
33	1	199
507	30	357
167	41	1099
90	36	1445
58	12	112
148	12	39
1446	71	164
214	1	480
111	15	76
488	55	1111
917	16	1447
193	32	1448
1449	4	863
361	20	583
1450	36	100
426	36	1451
122	30	841
1048	30	703
1452	71	1453
1	68	1454
150	30	441
536	9	1455
979	20	1093
55	12	295
73	9	1456
214	1	81
866	36	100
6	11	151
301	51	385
608	68	849
90	36	1457
92	55	1458
214	1	174
55	12	106
30	42	522
1402	40	767
6	11	722
133	27	1399
535	12	13
277	1	514
240	17	677
33	1	1257
705	41	1459
6	11	917
408	12	103
408	12	67
186	12	167
92	1	522
1460	65	532
129	36	138
6	11	1461
67	12	408
6	11	228
294	12	13
122	30	1450
869	20	71
111	15	45
468	63	115
233	58	1462
30	14	1005
1138	71	236
24	36	1070
6	11	986
223	12	167
129	9	667
208	44	144
359	14	71
423	30	416
46	16	419
67	30	1009
258	55	52
165	4	1463
67	12	120
132	11	396
76	34	133
99	1	62
122	30	487
30	10	1098
30	14	1333
122	30	1464
1465	40	46
1466	71	905
90	36	1467
1468	71	1469
2	24	66
249	22	80
71	7	1295
555	19	735
129	41	1459
99	5	74
230	16	1470
911	42	574
517	15	120
1471	30	164
132	11	45
92	55	1472
187	12	396
69	1	264
263	1	1473
1474	55	6
36	30	765
176	20	1475
6	11	1476
131	11	217
1477	71	236
55	12	85
371	47	796
69	1	1115
47	28	330
217	12	327
618	1	523
1478	7	1479
338	12	17
55	12	197
240	17	627
90	36	1349
59	20	528
1480	51	385
1481	71	570
122	30	1482
664	30	122
165	4	1483
6	11	13
330	6	331
56	18	1079
210	63	1294
69	1	174
159	36	138
2	63	472
228	12	230
94	16	1484
357	30	372
327	12	107
6	11	181
1485	71	1130
1040	67	73
1486	30	213
203	0	1487
228	12	29
1488	40	666
1489	71	954
56	18	1490
408	12	222
564	36	1491
14	12	39
68	27	786
46	12	230
385	16	1492
423	30	1493
116	63	322
92	55	1494
122	30	1495
1496	71	905
33	1	1497
378	36	1498
604	30	905
1499	67	1500
2	63	1501
230	12	55
396	12	615
466	12	15
92	1	1502
1185	30	1184
1503	71	1504
742	5	144
399	12	398
3	30	2
588	7	809
1421	30	1346
327	12	152
295	16	633
143	64	1117
54	12	120
863	4	862
29	12	54
1229	36	1505
408	23	680
1506	63	2
986	12	37
1368	51	167
1222	15	468
185	12	119
349	36	1507
666	16	1488
220	12	106
73	55	1508
1509	30	236
33	1	757
1464	30	122
56	18	1510
426	36	5
39	12	15
1200	30	1105
30	1	1511
1512	30	232
49	23	626
554	28	330
223	23	1418
1513	34	40
511	2	71
69	1	204
867	17	129
708	62	1514
327	55	463
1382	30	1026
6	11	197
16	12	48
1337	24	118
90	36	1515
8	12	1516
708	19	735
396	28	56
46	34	133
446	16	301
222	12	1517
324	77	1518
69	1	687
1519	71	905
396	12	568
640	16	254
1517	12	222
122	30	812
1520	15	152
6	11	1149
103	12	408
22	41	478
193	32	1521
291	1	1522
734	24	66
1327	15	302
222	12	313
291	14	1003
359	20	358
58	12	228
889	32	193
76	12	55
1523	55	52
156	24	696
1229	36	349
307	40	58
30	1	1278
324	77	1524
1219	30	905
300	23	195
1378	51	311
30	1	1525
149	12	14
638	30	122
2	63	1123
1388	71	236
30	10	1478
142	36	641
258	1	62
6	11	29
214	1	975
90	36	1526
996	14	71
202	47	492
1177	24	118
56	18	1527
36	30	525
185	30	805
92	1	1528
4	36	990
112	34	133
338	16	337
1485	71	954
6	11	842
165	4	324
476	15	477
49	28	330
56	50	1529
929	12	327
1530	53	1531
595	63	224
396	12	67
202	12	67
132	11	302
1532	62	1514
1533	84	49
56	6	144
30	1	1081
92	1	695
68	58	1534
167	41	1535
56	18	1536
277	1	523
117	74	680
22	9	755
748	19	1537
230	12	46
169	24	66
223	12	479
349	1	239
129	58	1401
1322	32	193
46	12	55
122	30	789
106	12	45
36	30	631
22	15	441
1520	40	152
1501	63	2
46	12	185
56	18	1538
122	30	541
829	34	369
179	1	687
1539	7	33
1299	1	62
137	28	330
33	1	1540
715	12	854
129	58	388
155	55	52
139	12	58
1541	55	1111
330	18	1542
1543	55	52
158	67	73
1064	30	43
85	55	463
58	12	85
1031	12	47
277	1	1244
568	12	67
141	34	1544
313	12	396
454	34	369
170	12	119
874	12	95
396	12	907
937	69	982
37	16	1545
1339	68	21
1546	71	1157
37	12	16
90	36	1547
167	12	614
1548	12	494
657	5	312
1211	30	686
190	12	714
56	50	1549
1550	55	1307
1551	62	1552
1474	71	236
614	12	186
143	64	1553
929	12	50
329	12	275
874	12	37
1004	75	70
230	12	1016
6	11	310
129	36	1554
223	12	186
291	2	845
291	1	523
506	34	369
10	21	1555
220	12	800
56	18	1556
69	5	653
332	1	62
4	36	1557
29	30	87
83	63	507
30	10	146
245	12	1386
2	63	857
466	12	262
165	77	1558
98	12	94
39	12	148
15	52	14
228	16	1559
577	38	386
293	41	385
68	27	830
92	1	81
92	1	709
8	16	171
37	12	13
56	50	443
1560	30	357
1129	55	52
67	12	167
163	16	1561
33	1	180
593	55	52
493	12	327
94	30	905
402	1	204
1285	16	1215
56	50	1562
2	76	3
220	12	29
54	12	185
30	1	264
92	55	1563
1564	38	994
1565	71	236
1048	55	52
10	1	515
90	36	1566
692	63	2
220	30	87
1567	55	52
67	12	1568
47	12	275
295	55	463
406	30	703
322	57	590
426	36	1298
73	63	2
1208	14	176
1569	30	905
932	63	468
214	1	998
30	1	793
580	16	1570
6	11	494
92	1	174
176	20	1093
1038	87	935
2	63	1287
398	12	45
56	18	1571
1355	36	1349
586	65	1572
1573	1	239
357	30	78
122	30	272
333	47	1082
97	30	96
217	12	105
858	36	138
214	1	1574
1575	56	369
122	30	43
6	11	1576
58	12	46
1468	71	1577
258	5	1578
584	16	1579
1580	15	295
1581	30	236
92	55	1582
262	12	561
1583	65	532
222	12	186
268	71	1584
6	11	563
1585	15	129
193	32	1586
129	36	1587
90	36	1588
1005	41	308
1047	51	88
29	12	140
1098	58	1012
312	7	145
1589	51	42
220	12	295
6	11	785
13	12	659
1590	30	236
12	12	16
176	14	1208
92	1	436
46	12	106
95	12	37
217	34	233
92	1	1591
30	1	831
941	87	492
1592	32	738
56	18	1428
6	11	939
1342	38	1400
12	16	207
300	12	186
1009	30	67
224	41	366
140	12	55
1593	2	198
122	30	1229
181	16	1594
899	28	56
67	12	568
92	42	1595
263	1	239
600	12	396
454	12	16
165	77	1596
170	12	54
56	18	1597
1598	30	122
8	12	220
1478	17	129
1599	30	122
1270	12	45
358	13	214
131	11	326
36	30	594
1038	15	134
30	1	612
507	63	468
1600	30	423
6	11	1601
67	12	299
186	21	770
56	18	1602
56	50	838
995	63	2
64	68	1037
568	12	504
8	12	58
119	16	1603
1062	30	122
1	68	1604
1605	30	36
1346	30	1026
86	15	58
92	1	1278
33	41	1179
697	14	546
338	12	13
353	7	1606
426	36	1607
29	34	1608
45	12	54
92	1	1609
1299	5	10
217	12	7
36	30	814
88	12	29
1007	36	100
330	50	1549
68	27	1000
101	2	946
228	17	133
122	30	1610
1229	41	22
398	12	222
947	12	94
804	63	686
618	32	193
92	1	515
132	11	326
161	30	287
1186	32	193
986	12	385
68	27	1428
224	75	1611
29	12	228
262	16	1612
735	29	1613
6	11	95
1614	65	532
230	45	1615
92	55	1058
186	28	56
143	50	1549
170	12	140
1186	1	239
56	18	1616
331	1	11
151	12	327
1617	5	74
1618	32	129
842	47	1619
101	2	1620
203	32	1319
122	30	1063
581	12	45
2	63	305
1201	15	1200
143	64	277
110	16	1087
167	41	1368
167	12	563
1533	87	684
92	1	1045
303	68	1621
68	27	1622
2	63	1192
92	1	1623
600	12	103
880	1	62
967	24	66
55	52	45
56	18	1624
265	55	52
1625	15	185
396	34	68
68	27	1626
56	6	1275
6	11	398
119	12	185
29	12	106
479	47	1490
705	36	100
92	55	1627
1	68	1628
591	19	867
46	16	1465
657	14	1629
422	63	2
67	12	58
6	11	55
90	36	1630
2	63	1383
165	77	1631
90	36	1632
161	55	1633
1634	15	29
704	51	29
131	11	12
1468	71	1635
851	37	358
742	13	144
584	12	355
1614	65	458
90	36	1636
179	1	1637
53	30	43
61	19	1638
133	27	1629
423	30	1056
1639	30	122
33	1	630
90	36	1507
2	9	305
634	85	600
92	55	1640
262	52	466
8	12	76
149	12	39
139	12	120
149	12	148
943	7	1641
462	34	233
1406	20	603
1642	37	312
90	36	1643
73	55	1644
302	12	94
36	30	643
43	30	441
73	55	1645
214	32	1646
152	12	7
186	12	300
90	36	1647
92	1	1115
217	12	107
1568	28	56
136	0	1648
56	18	1649
466	12	149
276	30	122
85	12	228
21	68	1037
187	12	722
29	16	28
92	1	559
42	2	214
600	34	68
1102	55	52
835	36	284
30	1	912
679	21	770
88	12	220
1372	41	1650
1651	31	1111
228	12	140
240	41	1294
1396	30	406
1256	20	358
37	12	385
1652	34	1444
392	30	43
69	1	63
169	63	2
33	1	912
1653	55	52
535	12	94
584	12	46
29	12	800
378	36	1654
6	11	385
1655	81	291
49	16	741
262	12	14
56	18	1656
1657	71	1139
122	30	1212
122	30	375
159	30	122
122	30	1338
90	36	407
1658	62	1659
186	12	907
210	63	1120
54	16	1660
1661	30	1044
94	12	12
615	12	396
1080	15	50
1297	43	309
88	16	1662
426	36	420
238	1	612
2	63	692
224	30	43
1663	73	468
189	77	350
214	45	846
220	12	8
446	8	1664
193	32	1319
228	12	220
1665	71	236
56	18	490
551	1	239
1149	12	327
650	36	100
468	45	1663
2	63	1666
1667	15	58
230	12	58
536	41	755
841	36	510
185	16	1625
854	12	714
281	12	37
190	45	191
1468	71	1668
1669	55	52
48	12	49
56	18	1670
131	11	275
214	1	1671
1672	30	36
338	29	1673
33	1	316
122	30	1599
163	16	1580
1674	12	580
122	30	1675
311	69	657
7	12	107
165	77	1676
650	30	36
1677	55	52
1389	30	357
291	1	1678
241	36	510
324	77	914
258	42	1257
7	23	719
223	12	600
67	12	222
295	16	1580
568	12	563
1679	15	37
90	36	1680
1	68	1681
327	16	382
1682	59	23
150	30	1323
982	8	1683
43	30	122
660	5	880
30	1	316
209	2	208
13	12	310
181	47	1360
129	36	1451
211	30	43
220	47	1142
633	15	295
423	30	1432
1485	71	164
30	1	1502
36	30	1164
1038	15	55
277	1	436
258	1	239
470	15	79
193	32	397
1137	30	122
245	28	442
30	20	214
122	30	1684
423	30	1685
1029	51	581
1686	30	232
1310	30	423
1687	31	1111
931	55	52
55	12	29
7	12	47
68	27	1312
1688	30	798
1689	55	52
358	7	1256
54	12	88
733	9	520
96	30	564
82	30	357
214	1	847
176	67	124
85	12	88
375	36	451
558	41	1040
144	1	62
56	18	1690
462	28	330
94	12	48
574	1	31
30	1	757
1123	24	66
1299	14	10
302	12	37
122	30	412
1117	19	1237
1064	30	36
56	18	1691
719	8	997
1513	12	39
122	30	142
1692	63	2
101	2	1305
601	16	1693
6	11	410
396	12	103
46	16	1694
222	16	1695
931	30	930
56	18	1696
132	11	94
238	55	718
45	12	404
133	27	365
863	4	1061
233	27	1697
176	20	1698
92	1	1699
1	68	304
56	18	1700
330	18	1441
122	30	121
230	16	1701
106	34	133
238	55	1111
90	36	1298
2	63	1337
1702	63	2
92	55	1703
203	1	11
140	12	88
185	12	46
56	66	1704
222	12	1705
92	1	1053
874	55	463
1288	28	330
327	16	1706
119	55	463
385	12	37
1658	19	1237
353	7	1430
6	11	185
132	11	715
600	12	187
92	55	1707
313	12	568
92	30	36
378	36	349
1048	30	1396
1648	19	1638
1708	5	68
657	14	1542
302	12	95
1568	12	186
904	32	193
558	41	906
1150	71	1139
122	30	1709
176	20	1710
839	87	492
2	9	903
186	34	68
43	30	778
69	1	1244
185	12	220
322	63	700
30	1	1711
1586	32	193
56	66	1712
101	2	1425
1618	70	136
1318	24	118
268	71	743
450	30	36
222	12	396
294	12	302
90	36	1713
120	12	54
122	30	201
534	16	1714
1715	30	122
187	12	223
57	38	253
281	12	94
167	28	56
132	11	48
1257	1	31
535	12	659
56	18	1716
33	1	975
795	16	1341
598	36	100
1149	16	1717
170	12	8
30	1	1060
122	30	30
33	1	62
58	12	230
468	63	116
911	42	1257
214	1	1081
706	71	707
56	18	323
6	11	1718
722	34	68
69	1	1216
42	44	144
1007	30	122
800	12	29
846	36	266
394	28	330
187	12	614
186	12	1122
1719	14	353
593	30	1346
302	16	301
877	8	1720
1721	71	424
1687	73	10
883	62	1722
94	12	535
240	56	1424
1485	71	569
133	27	323
1	68	1037
47	12	1288
507	17	441
1468	71	1723
984	20	528
1413	84	152
1606	37	353
101	2	951
416	71	954
1412	12	1411
558	55	52
90	36	1724
56	18	1622
85	12	45
383	1	239
170	16	175
1017	32	738
68	27	1039
210	63	116
165	77	325
101	2	591
1725	1	239
73	55	1726
829	12	245
37	12	874
6	11	106
92	55	1727
1119	40	48
58	12	185
132	1	740
6	11	561
333	12	167
92	1	1244
852	12	454
1728	55	52
69	1	1081
24	36	1349
1729	71	798
804	9	305
79	12	181
626	14	274
1730	71	164
92	55	1731
291	1	1732
385	12	795
866	36	510
33	1	1269
911	42	259
1641	33	943
214	30	1346
131	11	37
322	63	116
798	30	797
7	12	151
308	15	1004
228	34	1608
1018	55	52
1200	16	1733
1734	30	1735
708	19	1237
1736	30	164
738	32	1592
437	30	438
240	17	426
2	63	1737
42	7	41
92	55	1738
583	2	1739
1368	85	167
92	1	62
558	41	1459
90	36	1395
614	28	56
94	12	454
1740	51	42
92	1	912
1098	36	100
6	11	1741
863	4	1742
1663	15	468
43	30	792
580	12	1674
1256	8	1743
1719	20	353
528	7	59
228	12	88
179	1	1699
90	36	1744
1333	36	1321
275	12	48
37	12	181
45	12	223
374	11	94
90	36	1329
45	12	410
267	71	268
692	24	66
753	30	122
49	34	233
222	12	167
872	34	233
210	63	372
1745	55	52
117	63	2
85	47	1746
1747	30	423
1112	30	122
165	77	1748
193	1	695
1749	71	164
1750	67	73
30	1	1751
1007	55	52
1752	30	36
96	30	1753
916	17	4
142	36	672
1083	30	122
912	1	31
1184	30	1754
220	12	58
35	36	100
140	12	220
1319	33	596
94	12	37
132	11	408
240	41	161
75	87	617
468	17	876
73	55	1755
270	36	100
568	12	186
1063	55	52
67	12	186
291	30	2
90	36	641
45	12	88
408	12	300
631	30	36
1756	71	236
986	12	294
385	12	16
69	1	523
1459	51	33
129	36	810
143	6	136
68	27	505
311	16	453
185	34	133
39	12	561
58	12	197
7	34	233
214	1	219
424	55	52
214	1	1757
92	55	1758
101	2	61
432	14	536
1256	8	1759
1274	30	36
6	11	1443
300	12	222
133	27	490
24	36	1095
92	55	1760
845	16	1761
277	1	856
139	12	170
92	55	1762
708	19	943
361	20	485
1048	30	1754
367	30	43
48	12	37
462	12	48
56	18	1065
277	1	264
143	50	1529
979	20	102
2	9	389
1535	51	167
1610	30	36
1538	38	1400
149	29	1763
535	12	48
133	27	1556
933	15	294
13	16	1764
105	12	50
134	30	45
29	17	133
50	12	152
54	34	133
173	1	1375
92	55	1765
238	1	62
54	12	220
2	63	1350
129	36	349
179	32	1766
1108	15	311
122	30	450
6	11	223
58	30	805
4	36	1767
214	1	793
275	47	993
359	20	71
498	12	88
1752	55	52
90	36	1768
90	36	1769
214	56	369
637	30	267
13	12	385
738	32	737
736	13	144
223	12	300
558	41	1282
1770	30	232
614	12	103
165	77	1771
92	55	1772
1392	51	1200
33	1	740
1729	30	905
383	32	193
1773	30	1774
385	41	1480
1775	65	532
131	11	1230
408	34	68
1776	23	1106
16	12	37
378	36	1777
85	12	230
32	87	935
535	12	37
50	12	872
122	30	1778
1248	35	946
2	63	1254
122	30	1779
625	15	302
233	9	311
1780	30	122
33	1	578
143	6	1117
217	12	666
101	2	1146
228	12	76
905	30	1184
299	34	68
930	30	905
1396	30	702
359	14	358
385	12	294
1400	33	144
1234	30	122
1250	73	90
131	11	1288
30	1	174
536	45	1781
230	16	1782
217	16	1783
943	1	62
122	30	1689
1784	2	883
863	4	1449
6	11	497
179	1	1473
1080	15	673
454	12	94
42	16	1785
705	58	146
129	16	1585
152	41	1413
1121	55	52
1580	5	1786
165	4	1787
90	36	1788
639	30	36
186	47	1691
1741	55	463
984	14	528
69	1	239
330	18	1385
140	12	45
330	18	1107
10	55	52
1056	30	423
224	75	1789
48	16	1682
46	16	1405
92	14	1790
262	12	466
186	12	614
155	30	122
1044	71	424
426	36	676
176	20	1791
68	9	1792
6	11	600
258	1	757
923	40	295
230	12	139
1754	30	1048
1793	16	1794
700	63	116
394	34	233
809	67	73
303	68	1795
1513	12	149
1235	40	47
945	38	994
210	63	836
167	10	1796
1797	30	236
105	23	680
69	1	998
214	1	1699
604	55	1111
414	51	33
185	12	230
22	59	23
294	12	37
222	12	568
1695	15	222
56	66	1798
36	30	257
1692	24	66
282	40	281
184	14	42
6	11	1799
144	1	239
6	11	275
1800	63	2
6	11	16
426	36	349
13	12	94
142	36	1801
1101	15	785
530	12	1776
189	4	188
564	36	510
277	1	81
1098	10	1012
385	12	986
409	16	255
349	36	444
1802	5	27
224	75	507
58	34	133
143	64	10
68	27	1803
358	44	144
1350	24	118
338	20	1673
302	12	294
1555	53	1299
730	30	357
132	11	228
201	55	52
70	24	66
122	30	1672
122	30	1267
1350	24	66
4	36	444
56	50	1804
176	20	1739
1728	71	164
383	32	179
92	1	780
305	63	2
195	5	144
283	30	122
233	27	1805
185	12	54
1806	16	298
322	25	590
1149	12	7
92	14	484
1102	55	413
90	36	1807
584	34	133
298	51	1806
467	12	483
67	12	223
258	5	1417
170	28	330
300	12	396
551	30	36
1245	30	96
17	12	385
708	19	1638
631	36	284
1808	71	236
1809	30	164
1810	30	213
1078	30	357
1811	71	570
1393	1	62
408	12	568
131	11	462
277	62	622
748	19	845
1812	71	1541
277	1	780
1724	36	100
94	12	16
1254	1	62
143	50	1097
132	11	185
1813	19	699
30	67	1750
1651	41	558
96	30	1814
42	16	1589
90	36	420
600	23	1400
901	30	551
529	8	1
122	30	244
1026	30	1382
469	34	369
378	36	1815
67	12	722
29	52	87
536	41	1455
90	36	1573
291	16	1816
6	11	1817
6	11	1818
43	45	1819
1778	55	52
176	20	1351
24	36	138
1809	30	423
139	12	85
165	4	1820
15	12	39
1069	34	369
16	55	463
774	2	136
280	5	1438
306	24	118
185	12	139
212	71	213
68	27	921
94	12	534
1	68	971
21	68	955
1576	23	446
1769	1	239
439	15	46
131	11	95
30	2	886
1821	30	122
538	55	162
6	11	534
7	12	497
114	8	1822
324	77	1823
6	11	94
528	7	870
1817	28	330
353	53	0
73	24	66
58	12	220
440	30	357
230	12	54
56	50	898
133	27	576
1641	46	943
1824	30	43
2	63	1702
88	30	1567
44	15	43
165	77	1286
36	30	593
493	34	233
68	27	980
129	36	1349
584	12	58
2	63	1177
1684	30	122
357	30	211
1825	30	213
736	35	353
329	12	152
92	55	52
258	36	100
930	30	1728
237	30	78
122	30	499
355	16	1405
423	30	1747
1826	30	122
29	12	45
122	30	155
1642	8	303
110	33	331
92	1	279
1827	71	1828
702	55	52
488	55	1307
92	55	1829
92	1	1830
1831	30	905
877	37	42
611	5	144
56	18	1832
142	36	5
1833	71	954
214	1	1344
101	2	1710
358	7	851
92	1	1834
45	12	8
139	16	75
90	36	1835
615	34	68
987	40	986
632	40	107
90	36	1587
1040	55	1111
1164	30	36
69	1	793
210	74	590
56	18	1312
327	12	1149
29	12	120
10	16	1836
615	12	614
129	5	74
170	16	395
88	12	85
378	36	1837
37	12	12
488	55	548
1257	1	11
1838	55	52
1333	36	510
45	12	230
1401	70	136
17	12	16
311	14	312
220	12	785
15	12	561
58	12	584
222	12	600
4	36	258
398	12	410
375	30	122
99	30	36
140	12	228
149	12	1513
2	63	1318
132	11	223
1839	55	52
161	55	52
705	58	129
36	30	1605
68	27	935
294	12	94
277	1	1699
2	9	291
176	20	1840
142	36	1573
6	11	1031
92	1	1375
900	5	74
43	30	367
143	64	331
275	12	49
92	1	859
193	32	1186
359	5	358
478	15	43
493	12	1841
2	63	524
1459	41	558
56	18	1842
165	77	1077
122	30	270
1415	32	738
1448	32	193
291	1	1843
1606	8	1844
88	12	87
170	9	133
164	30	163
46	12	139
785	12	29
240	1	239
50	12	491
275	12	47
193	32	1725
22	41	1229
33	9	158
774	8	303
55	16	970
217	12	815
6	11	217
673	28	330
581	12	220
841	30	122
129	32	387
1493	30	423
103	28	56
42	7	877
1827	71	1845
795	12	181
408	12	396
56	18	1399
396	23	386
494	12	1104
1366	7	1365
6	11	1846
353	7	683
440	17	367
220	12	119
122	30	1752
1108	40	230
90	36	290
330	18	661
631	36	376
326	55	463
101	2	603
181	12	37
33	1	793
122	30	1367
568	12	167
349	36	739
73	55	1847
575	7	779
1184	30	905
557	15	220
122	30	1271
56	66	1848
58	12	139
122	30	1849
186	12	479
1250	15	758
122	30	1677
56	66	1850
1418	8	303
284	5	1851
385	12	13
107	28	330
22	9	1005
172	1	62
410	12	230
555	19	943
223	12	222
468	30	357
69	1	1852
6	11	12
139	16	455
969	51	167
43	30	287
852	12	801
88	16	517
602	20	1853
36	30	694
812	36	1343
6	11	48
39	12	1513
1728	30	930
16	12	302
1854	30	122
466	12	178
69	1	515
67	12	907
37	12	795
45	23	680
404	12	45
705	58	1012
30	10	387
224	75	1855
214	1	687
73	55	1856
1767	32	1857
468	63	758
1858	51	396
6	11	1288
903	24	66
69	1	1859
324	77	1860
195	2	144
238	55	52
1794	51	1793
56	18	1861
228	16	1533
193	32	503
313	12	614
73	55	1862
193	32	1191
867	30	36
122	30	161
214	55	1111
722	23	754
58	12	55
187	28	56
466	47	1374
139	12	55
701	12	1863
167	12	396
56	50	1214
220	12	45
175	51	170
240	36	1557
68	9	134
122	30	1854
1864	30	36
131	11	874
156	63	2
1754	30	1184
170	16	1865
14	12	149
193	32	1866
1213	30	122
353	7	1719
426	36	1867
564	30	96
1868	55	52
208	67	73
295	12	55
56	18	1869
584	16	345
237	30	1346
73	36	100
1870	40	7
767	16	1871
6	11	659
55	12	228
1073	30	122
22	9	641
134	17	133
36	30	1872
167	12	186
536	36	1873
423	30	1874
1875	71	268
442	50	751
230	12	120
399	12	45
932	63	211
4	36	1873
551	1	793
56	18	1626
131	11	13
371	16	1876
1367	36	510
789	36	284
122	30	502
1140	77	828
122	30	1543
122	30	1639
1495	30	122
223	12	45
85	12	139
442	6	1117
210	63	507
291	33	1117
1478	70	136
1161	30	1346
120	12	67
2	63	1506
33	1	559
178	12	39
165	4	1877
68	27	1878
785	34	133
50	16	1141
1333	63	224
657	14	312
58	12	140
30	1	998
683	7	1879
1292	56	68
705	58	388
176	1	239
56	66	1880
1372	56	68
211	30	1261
217	12	493
586	65	1881
132	11	230
14	12	467
56	6	720
143	50	1283
6	11	1882
228	16	1883
1	68	1884
1468	71	1885
101	2	913
1004	24	66
330	18	908
600	28	330
357	30	730
528	7	984
55	12	54
88	12	1016
176	20	1886
92	1	1473
43	30	1824
56	66	1887
1742	4	863
139	16	364
129	1	180
1888	30	164
92	1	831
461	15	230
85	12	197
1769	1	62
1811	71	424
1117	62	622
193	32	1889
92	1	1890
156	24	66
802	1	1891
526	41	22
802	12	506
357	30	507
1687	86	1089
6	11	673
538	30	122
17	12	302
58	16	86
129	36	1892
140	23	253
22	15	526
142	36	349
389	57	291
55	16	32
220	16	292
69	1	831
614	23	253
90	36	1893
730	63	210
996	37	42
230	12	197
68	9	1894
1400	8	303
1895	53	1896
122	30	1864
1048	71	707
7	12	327
149	12	561
930	55	52
39	16	1897
16	16	1898
92	55	1899
591	62	1900
73	1	62
43	30	1901
800	16	925
37	12	281
386	8	303
134	55	463
30	10	129
1902	65	532
302	12	338
1156	71	954
129	36	1903
92	55	1633
295	12	220
730	30	43
1831	30	798
88	12	120
116	24	66
504	12	67
148	34	40
122	30	1204
10	1	1053
1201	40	530
115	63	210
17	12	338
1099	85	186
122	30	1904
92	1	542
704	85	29
122	30	698
210	63	932
179	32	1905
338	12	535
1152	32	193
92	55	1906
46	12	8
284	14	125
50	12	929
13	12	640
536	36	1767
68	27	1564
165	77	1907
1050	77	350
1305	19	1237
1461	28	330
137	34	233
55	12	223
404	41	1908
56	18	1909
2	9	73
1024	38	680
791	38	446
795	12	94
193	32	1910
73	55	1911
291	8	303
155	55	131
1122	28	56
58	16	941
36	30	1197
614	12	67
263	1	204
230	16	1912
56	18	1913
56	66	1914
176	20	1915
161	55	1916
73	55	1917
165	77	1918
1919	55	52
56	66	1920
8	16	1921
312	53	1922
139	16	1923
575	1	1924
56	18	1925
1256	8	1926
56	66	1927
92	1	1928
1	68	1929
702	30	1930
92	42	1931
1932	68	1037
69	1	1933
56	18	1934
122	30	1935
1200	16	1936
238	1	1937
277	14	1938
1939	62	1940
1941	65	1881
1942	53	1593
1943	30	363
962	63	1944
1945	30	236
209	8	1946
176	20	1947
1948	71	236
1248	53	1949
812	36	1950
73	55	1951
30	1	1952
1953	30	423
1	68	1954
1419	8	1955
6	11	1956
1468	71	1957
982	8	1958
56	18	1959
223	16	1960
85	16	1961
90	36	1962
176	20	1963
165	4	1964
73	55	1965
324	77	1966
1967	71	236
30	9	1968
1969	30	1970
564	71	1971
90	36	1972
95	16	1973
1974	30	213
56	18	1975
303	68	1976
43	10	1977
233	27	1978
1979	71	570
233	9	1980
954	30	1981
110	8	1982
1983	30	1396
90	36	1984
1985	30	213
851	8	1986
176	20	1987
1988	43	309
1	68	1989
214	1	1990
415	15	1991
1802	5	1992
1993	71	236
1994	1	62
122	30	1995
536	32	1996
1997	30	363
176	20	1998
167	16	1999
2000	30	236
324	77	2001
176	20	2002
56	18	2003
165	77	2004
6	11	2005
176	20	2006
2007	30	2008
92	55	2009
92	55	2010
446	16	2011
2012	1	62
818	47	2013
68	9	2014
90	36	2015
92	55	2016
943	62	2017
90	36	2018
2019	43	309
536	41	2020
6	11	2021
1799	16	2022
142	36	2023
6	11	2024
414	31	2025
56	18	2026
1	68	2027
69	1	2028
90	36	2029
56	66	2030
2031	30	236
378	36	2032
56	18	2033
343	65	2034
56	18	2035
56	66	2036
2037	30	363
2038	5	74
155	55	2039
92	55	2040
92	1	2041
56	50	2042
68	27	2043
378	36	2044
414	31	2045
123	5	2046
245	47	2047
56	50	2048
2049	71	236
73	55	2050
56	18	2051
142	36	2052
2053	71	2054
338	47	2055
1958	68	2056
56	18	2057
6	11	2058
92	1	2059
2060	71	236
165	77	2061
92	55	2062
6	11	2063
6	11	2064
2065	30	1592
2066	53	1041
1	68	2067
657	14	2068
2069	5	653
165	4	2070
640	16	2071
1550	30	2072
220	9	2073
56	50	2074
56	18	2075
92	55	2076
33	1	2077
6	11	2078
142	36	2079
68	9	2080
165	77	2081
129	58	2082
176	20	2083
2084	32	2085
