0	28	1
2	11	3
4	38	5
6	48	7
8	24	9
10	28	11
12	192	13
14	35	15
16	3	17
18	39	19
20	16	21
22	155	23
24	13	25
26	63	27
28	25	29
30	18	31
32	17	33
34	20	35
36	24	37
38	27	39
40	13	41
42	45	43
44	13	25
45	46	46
6	25	47
48	28	49
50	18	51
52	15	53
54	107	55
56	17	57
58	32	59
19	25	60
61	107	55
62	17	63
64	35	65
66	10	67
68	3	69
70	72	71
72	22	73
74	127	75
76	25	77
78	49	79
80	28	81
82	49	83
76	48	84
85	15	86
87	18	88
89	13	41
90	18	87
91	28	92
93	13	94
95	37	96
97	3	98
99	82	57
100	32	101
68	3	102
16	57	103
104	63	105
106	12	107
108	13	25
109	3	110
73	37	111
112	3	113
114	39	115
116	51	117
118	28	119
120	3	121
122	150	103
123	75	124
125	18	40
126	111	65
127	48	128
129	45	111
130	34	131
132	35	15
133	35	134
135	71	86
136	10	137
138	10	139
140	27	141
142	26	143
144	70	145
146	24	147
148	24	149
150	107	55
151	9	152
153	3	154
155	28	156
157	3	158
86	2	159
160	24	10
161	28	22
162	67	163
164	24	37
165	153	75
51	3	166
167	29	168
120	10	131
124	150	103
10	28	169
170	16	171
172	24	173
174	69	175
73	37	176
177	7	178
179	75	180
181	18	90
182	150	34
131	49	183
184	13	25
185	24	186
187	39	167
14	35	65
188	49	5
189	35	190
71	46	191
118	38	192
193	194	194
195	0	196
197	153	2
198	35	65
199	13	200
201	78	202
203	61	204
65	41	205
206	43	207
208	106	209
210	3	211
212	35	196
14	35	196
213	35	190
214	26	215
216	24	186
217	34	218
219	35	65
220	153	221
222	24	149
120	18	223
224	24	37
76	25	225
10	38	160
222	13	41
226	18	227
228	0	229
230	10	231
178	11	232
233	76	73
234	71	53
91	28	235
236	27	141
237	13	238
239	24	37
240	2	241
242	3	26
0	28	243
244	54	245
170	35	65
246	27	39
247	34	248
249	51	65
250	37	251
252	3	253
254	75	255
256	34	257
127	25	47
258	26	65
21	34	259
260	19	261
262	36	263
89	32	264
90	3	87
73	37	265
71	28	266
267	3	268
269	13	41
270	107	271
272	49	273
274	15	275
76	48	276
277	32	278
279	67	280
281	72	0
282	35	283
284	104	276
285	13	200
286	107	55
287	18	288
289	185	12
118	46	191
8	26	215
290	69	291
63	3	8
292	18	293
294	48	295
296	78	266
180	18	297
26	63	298
299	150	279
300	13	41
301	33	302
303	35	283
304	73	65
86	2	203
305	28	306
307	30	126
60	2	308
309	34	310
311	105	85
312	3	313
10	28	314
315	137	316
208	26	317
318	18	252
319	15	86
73	37	320
108	24	321
322	95	323
253	26	75
324	19	252
325	70	302
326	10	119
327	32	75
328	72	0
329	13	41
10	28	330
331	110	140
332	15	333
334	69	175
91	28	22
322	13	200
335	21	65
298	153	75
336	13	41
73	37	337
321	46	338
88	18	339
2	9	340
341	8	342
110	3	109
343	3	113
344	110	345
346	54	347
348	10	349
350	35	190
351	13	41
86	2	319
78	15	275
352	69	229
353	35	65
354	34	355
356	159	357
358	12	107
359	34	360
283	2	361
362	19	363
35	20	34
364	20	103
65	11	365
366	32	367
368	45	369
370	38	371
372	65	284
373	18	374
375	10	332
376	105	377
378	23	379
380	17	113
381	10	382
170	72	383
372	104	384
18	77	47
133	35	65
385	10	386
305	28	198
233	22	73
162	82	343
328	16	171
387	49	87
167	112	388
389	10	82
231	35	65
390	185	391
359	10	360
392	35	190
73	37	393
394	153	75
262	12	395
18	77	77
396	35	15
397	3	398
149	38	222
10	28	399
110	13	41
400	137	401
242	10	402
73	37	403
404	17	17
405	165	406
37	28	244
249	51	407
408	32	409
295	85	410
411	25	412
413	51	414
98	18	415
416	46	417
71	28	387
10	28	78
418	10	419
138	3	420
186	38	185
421	104	422
423	49	354
304	129	65
424	10	425
426	12	107
71	28	399
34	20	279
26	63	132
427	75	428
429	46	430
206	20	162
431	49	342
432	45	433
324	19	434
10	28	105
435	25	436
309	10	382
437	35	15
438	51	439
440	11	441
442	24	118
443	28	444
445	25	47
446	186	407
178	11	447
265	171	448
71	28	198
449	28	450
451	178	283
452	13	41
178	9	453
454	54	455
456	76	73
34	20	162
457	181	458
354	34	423
459	3	460
131	35	65
461	13	462
463	13	25
385	3	464
465	107	55
360	35	466
467	26	229
297	18	180
468	94	469
295	18	336
470	76	73
116	51	471
472	45	473
474	34	475
476	10	477
478	15	479
480	49	136
481	35	446
482	76	73
483	165	484
225	109	485
241	15	240
319	54	295
486	170	487
488	125	489
66	24	490
491	43	103
492	31	286
493	104	494
392	35	65
495	38	496
497	184	13
498	76	73
499	34	82
26	63	500
501	11	502
503	15	86
402	35	196
36	3	504
279	20	505
222	3	40
75	11	12
254	75	506
58	57	103
88	18	181
507	49	104
508	10	509
510	11	511
512	15	53
513	32	514
515	184	13
516	28	517
518	43	99
519	12	520
521	24	186
522	26	75
523	28	257
226	3	524
409	193	525
310	49	309
34	43	526
527	194	194
249	51	283
91	28	78
528	13	25
529	39	530
139	35	440
155	46	191
531	35	446
532	9	304
358	49	533
73	37	534
535	13	25
536	63	475
263	10	262
195	0	537
526	43	99
505	43	526
529	39	538
218	61	217
539	54	5
254	75	540
57	18	8
7	85	541
542	87	6
336	85	543
71	28	544
545	9	546
547	10	548
549	122	107
550	69	175
551	18	552
553	12	107
29	74	554
301	76	73
555	3	459
179	75	556
339	3	90
557	120	76
558	76	73
559	24	147
466	11	560
99	82	363
392	35	196
339	18	88
249	51	561
562	107	55
563	144	564
565	54	566
416	46	191
567	13	25
62	17	420
568	30	340
390	185	569
21	3	570
34	43	571
572	22	73
573	13	200
99	43	103
574	37	575
576	35	178
577	78	578
220	35	446
579	85	580
60	109	296
581	73	466
582	38	583
584	10	585
586	71	53
385	10	587
588	21	65
589	154	590
591	169	309
592	15	86
382	16	26
593	23	594
35	20	162
595	157	596
468	8	184
85	144	597
598	28	350
599	33	302
63	13	41
162	20	206
502	25	77
449	28	563
600	43	99
601	170	487
321	46	417
18	39	6
456	22	73
88	18	90
279	67	602
477	15	53
279	20	518
21	63	603
390	185	604
463	24	605
606	22	73
552	18	607
491	20	162
608	3	609
73	37	610
411	112	388
611	19	612
90	3	88
613	13	200
614	35	65
615	175	82
188	71	616
516	194	225
121	3	120
617	51	440
618	48	619
620	106	621
118	28	314
622	17	623
624	8	625
431	72	605
626	109	627
184	24	118
628	15	53
629	17	630
631	9	453
66	34	632
91	28	119
73	37	633
162	20	103
634	72	635
636	13	25
219	35	196
154	34	637
638	75	146
638	75	125
118	28	469
431	54	639
390	185	640
641	13	200
642	35	283
160	175	643
644	48	645
646	15	479
231	72	0
355	27	141
133	35	283
543	10	592
647	35	466
648	26	196
649	24	161
92	35	190
490	28	212
373	3	374
650	10	651
652	169	464
305	28	653
654	26	546
86	2	477
655	35	446
196	90	656
401	11	400
657	35	466
123	75	658
659	7	196
153	13	25
18	77	107
660	13	25
661	10	662
91	28	52
663	48	664
665	94	666
148	13	200
432	106	433
667	12	107
668	76	73
669	57	162
235	40	670
240	2	671
672	28	248
47	74	673
476	68	674
675	10	603
31	13	41
73	37	676
677	107	55
678	13	200
679	35	190
109	141	680
660	104	493
681	13	41
57	3	113
682	77	683
506	57	162
447	9	684
91	38	685
686	107	55
369	22	73
687	107	55
688	61	689
690	102	13
691	85	66
371	13	25
692	17	693
694	62	695
696	22	73
445	70	302
626	74	697
90	18	88
120	3	130
213	35	466
529	118	698
693	13	41
699	59	13
700	10	266
161	28	266
701	107	55
702	11	703
647	35	440
680	24	173
21	34	704
705	32	706
694	62	707
123	137	75
190	9	440
708	5	709
710	22	73
711	10	578
295	3	336
449	28	437
712	129	196
524	3	227
588	36	263
713	158	225
714	39	560
715	12	107
314	35	283
716	9	717
21	63	394
0	28	213
618	48	718
57	3	719
326	32	720
721	3	160
722	3	723
724	100	725
726	98	79
714	39	435
252	18	727
510	11	391
728	17	122
29	74	626
99	82	729
362	19	277
659	13	238
95	37	730
657	72	416
731	24	71
732	46	733
734	173	735
387	49	736
737	107	55
133	35	15
599	172	411
409	107	271
738	179	739
740	22	73
319	54	158
741	3	26
282	21	65
739	10	742
731	10	724
569	137	409
260	19	743
5	24	4
659	24	155
744	44	75
457	138	458
309	32	514
589	17	745
717	107	55
746	24	10
747	76	73
343	3	112
116	51	190
748	10	394
424	26	75
749	18	750
460	3	459
751	107	271
752	72	490
222	115	279
228	0	175
649	10	753
442	24	605
21	158	225
629	17	109
754	170	755
756	35	15
17	85	16
21	63	78
757	107	55
758	3	339
226	3	227
759	3	555
760	26	409
761	85	580
8	3	113
762	34	763
744	104	384
764	26	765
766	107	55
187	118	767
118	28	169
115	48	768
739	34	742
769	141	675
65	11	770
771	151	96
92	72	0
772	35	773
774	34	92
35	82	669
63	3	57
775	76	73
776	25	436
777	76	73
481	35	196
166	3	639
778	95	625
779	113	780
781	61	782
99	43	518
109	3	630
783	76	73
396	138	784
26	63	785
786	76	73
505	67	787
788	32	789
522	26	790
18	39	791
171	158	225
322	152	792
793	3	420
7	13	41
65	11	304
794	48	795
491	20	279
796	48	727
576	35	283
797	72	798
799	3	87
254	75	602
326	10	800
90	3	181
305	28	22
801	107	55
26	63	802
376	155	509
803	32	804
568	158	805
806	56	250
807	21	65
808	10	809
810	141	630
116	51	511
811	139	327
812	3	813
423	15	86
374	3	373
336	18	295
814	56	250
600	43	526
246	153	75
815	61	816
817	48	818
226	10	85
819	3	26
131	36	183
254	75	820
155	28	821
404	17	822
91	28	11
694	62	823
381	3	824
731	24	161
825	26	826
413	51	196
827	45	111
261	7	466
392	35	446
617	51	196
228	0	286
448	22	73
828	24	9
459	3	759
336	34	450
829	10	202
524	18	226
693	13	200
729	13	41
830	13	41
497	48	379
279	20	162
328	35	446
670	34	235
260	19	739
831	16	570
252	10	119
736	3	832
719	3	57
76	48	833
834	54	835
796	25	412
387	72	118
836	72	490
837	76	73
563	21	65
118	46	838
71	28	189
103	67	787
696	76	73
103	43	491
260	19	839
249	51	471
206	43	505
106	15	86
647	35	178
840	56	250
86	2	85
118	28	419
841	107	55
318	3	253
0	28	14
180	24	9
680	24	842
843	196	844
99	67	623
160	3	721
675	13	41
171	24	80
285	85	322
308	49	199
845	75	180
86	2	628
75	11	115
846	57	103
118	28	847
21	63	848
849	94	203
850	35	15
851	158	805
235	72	161
810	26	286
852	26	151
6	25	853
268	3	267
502	25	673
854	32	855
21	63	20
42	45	856
857	95	506
179	75	858
859	75	787
860	107	55
410	95	547
73	37	233
155	28	310
404	17	861
249	51	190
411	25	673
832	3	736
62	17	810
862	107	55
778	149	625
863	24	516
118	28	156
93	26	771
480	54	252
330	27	39
427	75	830
686	9	864
865	54	866
867	34	477
868	88	190
634	35	196
155	46	665
869	68	870
176	76	73
73	37	775
17	13	200
756	12	395
871	13	25
65	11	126
109	83	630
872	25	29
73	37	448
873	24	443
189	35	15
526	43	34
606	33	302
874	18	381
875	3	459
876	9	439
433	22	73
220	35	190
877	13	200
541	13	41
594	13	25
772	35	446
878	3	381
879	45	880
103	20	35
857	95	881
516	38	882
80	28	1
87	3	339
883	24	118
73	37	209
884	18	288
192	3	84
808	10	885
886	127	409
189	35	65
515	48	326
36	24	71
887	24	71
888	162	617
318	18	253
655	35	283
889	104	744
849	8	890
56	17	828
891	13	25
826	11	892
874	3	878
509	155	377
290	69	2
682	77	47
893	76	73
424	24	894
895	35	190
525	56	250
23	72	635
743	13	41
896	88	897
125	57	518
425	105	119
898	107	55
899	61	736
900	161	901
727	3	415
902	24	91
903	24	71
343	32	904
62	17	630
635	38	158
126	73	65
266	35	466
361	35	65
576	35	466
630	85	109
905	3	267
906	25	697
783	22	73
531	35	196
259	15	275
87	18	90
77	74	683
272	21	446
430	8	907
76	48	908
726	72	635
62	17	745
909	9	910
731	10	671
911	15	86
912	95	913
295	10	52
188	54	5
309	3	902
229	11	914
423	27	915
464	10	386
725	13	916
917	107	55
155	28	231
918	26	446
919	107	55
649	34	753
920	22	73
445	48	698
34	82	363
21	24	321
655	35	65
921	16	21
922	17	923
437	35	466
35	67	924
236	21	65
925	24	147
926	48	499
703	64	702
927	24	91
928	3	5
482	22	73
929	169	930
931	24	155
552	18	551
56	17	7
18	39	127
854	10	220
605	28	637
188	72	4
625	32	932
694	62	933
934	62	935
936	83	579
101	107	55
413	51	407
41	182	937
938	137	804
685	3	557
281	35	466
851	170	755
281	35	446
529	39	445
939	34	940
260	19	110
874	18	824
624	8	247
941	107	55
741	3	242
942	11	943
735	150	279
196	90	888
181	3	799
640	59	13
227	34	944
438	51	190
378	23	351
945	27	39
104	125	946
162	20	35
196	90	205
140	40	947
948	88	949
118	28	22
187	39	6
722	24	147
268	3	905
539	49	312
950	10	885
8	18	719
630	141	110
553	21	196
951	22	73
153	157	637
223	26	952
1	49	26
953	10	831
259	72	10
546	11	954
544	72	10
767	104	645
642	170	487
12	102	13
590	17	955
956	35	65
571	43	34
957	26	75
294	48	958
959	11	960
762	10	763
758	3	181
0	28	303
155	38	237
131	35	283
961	13	41
962	196	362
963	184	13
714	39	964
118	28	23
799	120	965
966	35	283
967	76	73
968	3	969
662	89	159
483	165	970
739	3	580
615	3	68
162	43	99
971	13	25
620	45	621
972	51	65
973	76	73
974	76	73
18	39	975
976	158	977
87	3	181
295	10	634
467	10	978
249	51	440
979	48	660
980	70	981
30	3	982
390	185	983
149	38	984
103	43	162
950	152	985
722	3	986
758	3	799
296	95	533
639	18	166
959	11	987
988	107	55
147	38	986
466	11	581
989	11	990
991	3	158
992	35	15
993	145	994
132	35	283
995	22	73
92	35	196
17	57	491
17	115	279
71	28	601
477	98	867
996	199	283
997	27	141
181	18	799
998	8	521
849	8	999
227	10	576
155	46	838
856	22	73
260	19	1000
358	72	71
652	35	15
353	35	440
1001	3	21
431	49	51
584	10	1002
35	20	103
10	28	133
517	15	275
1003	22	73
1004	107	55
305	28	423
283	183	1005
1006	151	747
80	28	139
103	20	526
531	35	466
956	35	15
420	3	138
634	12	107
813	18	762
209	76	73
71	46	665
1007	54	157
635	38	1008
283	9	15
830	150	279
1009	10	106
220	35	65
73	37	1010
91	28	332
102	3	68
340	11	1011
339	18	87
1012	61	1013
795	104	1014
274	27	141
1015	52	13
846	13	200
277	26	278
632	61	8
1016	35	190
895	35	466
10	46	838
657	35	65
37	28	1012
70	72	155
708	49	709
969	13	41
1017	9	1018
1019	35	15
505	67	1020
421	7	65
130	24	798
1021	107	55
8	127	215
460	18	555
313	34	565
18	39	560
114	39	307
835	34	834
1022	13	25
73	37	856
158	3	991
247	24	118
162	43	518
849	8	336
362	19	1023
1024	10	426
714	39	1025
105	72	118
1026	71	1027
91	28	105
1028	44	75
1029	171	1030
187	39	28
601	15	86
114	39	76
1031	71	86
387	15	275
415	26	514
1032	35	446
281	35	65
410	85	295
669	13	200
582	38	1033
790	11	791
1034	19	918
231	27	39
1035	13	200
798	38	873
99	82	925
305	28	1036
1037	35	446
249	51	1038
1039	13	41
1040	13	25
1041	177	75
10	28	92
257	49	256
693	57	99
187	39	144
18	39	325
142	32	143
878	18	381
18	39	983
157	24	894
12	70	302
811	10	781
1042	76	73
1043	22	73
578	153	1044
235	61	689
1045	107	1046
556	18	689
1047	26	264
132	35	196
1048	22	73
568	81	107
73	37	967
632	21	65
65	90	656
162	43	1049
759	58	1050
162	20	518
1051	53	1052
118	28	1053
1054	34	346
747	22	73
495	194	194
534	22	73
195	0	190
223	18	1055
1056	13	200
1057	12	107
984	26	1058
714	39	644
91	28	899
599	103	1059
1060	8	120
254	75	1061
73	37	1062
1063	34	1064
804	11	938
206	20	35
1065	150	279
10	28	1036
1037	35	466
451	21	196
1041	75	1039
76	48	583
1066	37	1067
134	90	888
1068	95	722
79	78	78
140	181	784
584	10	655
739	18	580
437	35	446
196	2	1069
423	61	354
733	8	750
607	3	552
830	13	200
112	18	343
1070	24	1071
642	72	91
118	28	198
346	49	1072
251	56	1073
1074	10	22
1075	24	48
972	51	283
144	25	29
1076	17	1077
694	62	1078
1079	70	302
31	3	982
1080	11	545
31	3	1081
825	26	196
1082	13	41
155	28	847
705	24	1083
727	3	252
192	24	91
852	3	758
625	85	778
18	39	1084
911	153	1044
18	39	1085
484	30	75
1086	22	73
118	28	131
1037	52	13
797	91	1087
183	24	118
0	28	281
746	175	1088
73	37	1089
585	12	107
645	13	25
1090	13	25
1091	107	55
1092	107	55
282	35	466
460	3	555
76	48	1093
1094	104	645
1095	61	736
849	94	259
1096	126	904
133	35	466
1097	130	1098
574	37	1099
902	78	319
1100	107	55
86	2	14
390	165	1101
564	24	118
253	18	318
1102	34	78
353	35	196
73	37	995
1103	35	65
105	72	91
1104	26	631
1105	12	107
1106	15	86
1107	27	39
18	77	626
279	67	1108
181	18	852
170	15	333
1109	76	73
582	38	767
131	35	1110
91	28	70
634	35	283
10	28	848
529	39	796
702	11	1111
182	13	41
552	3	551
1112	54	584
1113	22	73
779	35	190
353	35	15
1114	48	639
1115	34	1116
583	104	422
353	35	446
922	17	280
189	72	91
382	61	774
92	35	439
1055	34	355
744	13	94
428	135	1117
246	27	915
819	18	26
1118	7	196
459	18	460
309	24	490
584	10	1112
364	20	35
305	28	119
181	3	88
224	32	1058
708	91	192
1119	64	1120
540	24	1121
1122	141	810
1123	15	86
260	19	1124
123	75	255
305	28	332
827	106	111
153	18	1125
459	3	555
73	37	482
198	35	466
814	56	1126
424	3	1075
445	25	697
1127	38	984
596	49	595
934	62	933
1128	70	302
147	38	579
1102	10	1053
273	32	446
1129	194	225
1130	48	1131
210	13	1132
86	2	311
444	35	446
73	37	696
1089	22	73
282	15	333
243	35	15
490	28	14
268	18	905
73	37	1133
361	35	446
231	35	446
957	32	75
1134	13	41
557	18	685
91	28	592
363	150	279
579	115	99
765	145	984
334	69	501
187	39	560
252	18	318
443	28	628
390	185	1128
99	82	877
591	144	636
714	39	872
78	40	237
1135	18	484
1136	135	188
1137	159	239
501	50	870
1138	21	196
87	3	90
625	24	798
1139	107	55
547	85	649
1140	3	343
982	3	31
130	18	120
1141	9	841
591	169	636
719	18	57
37	28	319
1142	18	245
442	3	342
1143	71	86
273	24	516
116	51	876
116	51	440
26	63	399
376	89	509
183	13	41
354	34	978
339	18	90
249	51	117
73	37	606
443	38	1144
116	51	1145
1142	26	514
443	38	731
1112	49	318
656	96	1146
123	75	1047
344	110	1147
996	199	196
636	13	41
420	18	138
849	8	8
426	15	86
1148	72	0
614	35	190
478	61	1013
705	10	218
203	15	86
1149	21	466
1150	107	55
1151	25	47
336	95	326
697	109	467
985	3	813
54	9	862
97	3	415
712	111	196
885	61	199
216	104	645
71	28	314
1146	51	196
136	3	727
415	3	98
43	22	73
286	50	870
1075	10	911
187	39	569
541	150	103
1152	129	1153
1154	75	1155
343	57	206
1156	17	833
33	127	75
466	198	1157
1006	31	1158
354	24	1159
1068	3	180
10	28	708
396	35	196
1160	10	643
1088	113	499
1161	109	660
246	105	38
326	26	75
518	67	787
1029	22	73
99	20	526
457	35	283
383	28	632
913	95	912
518	20	162
30	18	982
7	57	505
226	34	311
985	26	546
944	15	1162
473	22	73
885	15	240
1163	79	936
10	28	189
14	15	86
1031	54	1164
227	10	1165
788	10	1166
18	39	12
303	16	21
655	35	1110
1167	3	619
243	35	446
580	3	739
1168	103	1059
281	16	26
798	28	332
1169	36	1170
591	169	1171
449	28	1172
263	34	753
26	34	399
91	38	192
437	35	65
1173	10	779
1127	38	222
1174	49	1175
336	10	800
113	18	1140
423	27	39
655	35	196
323	13	25
722	115	279
212	181	458
1176	9	561
206	43	103
38	36	597
430	8	122
187	39	604
470	22	73
404	17	923
656	96	617
549	54	1177
1010	76	73
219	35	190
123	75	122
93	13	25
254	75	1082
1178	107	55
1056	13	41
466	11	1179
91	28	23
34	43	103
73	37	1180
991	3	957
166	3	51
249	51	466
1181	76	73
501	11	1182
175	50	870
79	26	75
635	38	1183
103	43	526
512	15	275
969	3	968
447	73	178
1184	11	1004
449	28	653
328	35	190
162	67	924
195	0	471
714	39	1185
399	170	487
161	28	156
544	170	487
978	15	86
1028	24	71
614	35	196
403	76	73
948	130	949
138	3	1065
1186	35	65
1187	128	65
803	26	804
73	37	951
1172	36	474
1024	24	490
30	3	31
42	106	856
1077	57	99
334	69	229
26	3	242
130	10	27
35	43	505
1188	19	869
895	35	446
1029	171	72
390	185	963
187	39	19
668	22	73
18	39	1189
164	18	1142
547	95	323
118	28	189
714	39	1085
847	49	184
738	179	309
1190	76	73
281	35	196
606	76	73
392	35	15
19	25	436
279	42	35
1191	18	493
1192	35	446
43	76	73
152	9	514
1193	107	55
379	24	91
510	11	471
1194	21	196
1195	36	108
65	11	644
71	46	468
986	3	722
26	63	262
1196	34	708
1153	11	1197
758	18	339
246	12	395
880	22	73
312	58	539
1198	27	141
75	11	943
1173	13	41
252	3	318
1199	13	41
798	28	170
71	28	592
187	39	411
1200	165	754
254	75	833
181	3	339
355	49	354
850	36	66
1201	76	73
87	18	852
35	67	787
435	25	554
375	26	286
1194	35	283
123	75	363
859	75	602
548	15	1202
87	3	758
51	18	639
305	28	131
504	3	547
705	24	161
1203	24	161
715	72	118
993	129	196
51	10	1204
390	185	12
348	10	753
672	28	1036
867	24	48
88	18	852
443	38	36
305	28	666
626	74	60
252	18	547
181	18	758
1205	33	302
1060	8	121
251	56	1066
605	38	153
419	15	275
778	85	625
328	35	65
63	3	719
76	25	1206
245	34	244
1207	7	196
133	35	446
1208	44	514
76	29	168
642	138	1005
75	145	994
191	94	156
849	8	295
1209	33	302
195	0	134
389	32	215
162	43	206
549	15	275
307	25	77
879	45	974
258	13	1210
394	5	1211
657	35	446
449	28	1015
10	28	235
614	35	283
1212	107	55
0	28	92
279	67	556
301	22	73
493	65	1213
399	16	26
219	35	446
1214	67	623
349	16	171
1215	151	1190
996	199	466
130	3	120
213	35	65
468	8	21
3	107	271
254	75	877
689	3	146
363	13	41
244	71	333
1107	49	1216
694	62	1217
1037	35	196
372	120	1218
842	46	430
647	35	283
544	15	275
619	3	1219
340	11	1220
552	10	628
76	48	154
675	141	1136
1221	15	53
259	170	487
816	34	815
1087	34	797
1138	35	196
526	20	103
243	35	196
118	28	1204
129	7	466
1222	36	1223
1156	17	810
756	15	275
518	43	162
466	117	315
1053	170	487
693	150	279
722	24	118
1072	34	346
829	10	140
1224	13	94
1225	15	86
289	185	938
480	49	727
88	18	87
1076	17	280
937	115	99
838	8	594
1226	12	107
543	95	336
835	13	1227
1172	49	474
260	19	1228
1229	27	39
276	13	25
26	63	1230
1072	3	347
86	2	394
443	28	1222
994	85	625
1231	61	1232
1233	70	302
87	24	118
184	34	847
833	13	41
571	43	99
1234	26	340
1137	159	1235
1062	76	73
212	35	15
125	3	222
350	35	283
1194	35	440
556	3	146
73	37	880
1236	36	685
1055	18	223
758	3	87
1237	161	1238
469	113	499
937	57	99
1239	106	525
1240	22	73
305	28	170
1241	9	702
603	61	1242
231	35	283
60	74	225
115	137	75
155	28	92
472	26	75
75	11	515
1243	107	55
556	127	367
1019	21	65
1244	10	1245
1246	10	298
195	0	117
104	125	834
818	10	899
207	43	206
1	27	915
249	51	178
64	16	26
99	82	579
364	20	279
382	21	65
1247	107	55
403	22	73
396	35	65
1146	116	656
526	20	99
1112	49	584
1138	12	107
1248	173	1249
1137	159	648
411	70	1250
1114	25	1251
1252	8	533
663	29	168
62	17	109
735	57	103
1253	45	747
1254	17	493
223	18	120
459	3	875
1255	7	65
630	24	149
76	48	312
179	75	961
1081	3	982
227	18	226
685	163	196
1256	13	25
640	70	302
666	72	71
1257	137	1258
680	26	215
554	74	29
1259	76	73
1260	32	1058
1034	53	1261
87	3	799
746	3	68
18	77	412
318	10	1165
697	74	626
48	194	225
555	3	460
286	11	1262
1263	32	178
35	43	103
431	54	51
1050	49	460
21	24	118
1186	35	283
1085	25	29
982	18	1081
73	37	1264
1265	13	25
348	10	382
18	39	1266
319	49	902
228	0	340
788	10	807
118	38	26
251	172	6
332	49	375
323	95	547
71	28	1107
992	35	65
107	66	1267
526	20	600
14	35	440
1268	26	1269
410	26	514
929	144	1265
19	48	1270
848	170	487
994	10	614
512	15	1202
227	3	295
159	21	65
62	17	1077
51	34	431
679	35	466
1033	24	582
92	61	774
426	49	1024
1271	22	73
961	13	200
1272	7	190
103	67	828
1258	107	271
923	57	103
798	28	345
206	82	636
76	48	222
73	37	1043
327	139	811
1066	37	1273
118	28	1274
252	3	727
70	15	275
169	72	635
1275	137	771
652	35	178
231	144	819
500	16	26
445	48	861
250	37	525
1276	133	440
1277	107	271
311	15	86
618	70	145
162	67	33
208	32	317
266	49	296
1278	10	1279
8	34	632
474	34	49
718	26	1280
459	18	875
323	95	322
1281	15	275
1221	178	15
410	34	1204
100	26	101
91	28	1282
356	159	1283
381	18	874
1284	75	961
420	13	41
103	67	1108
875	18	459
201	78	1198
1051	53	1261
852	3	181
383	28	1015
591	169	1024
1013	34	1012
227	3	226
252	34	480
296	10	235
629	17	255
281	35	190
57	18	63
1097	88	1098
818	24	91
196	41	205
1266	25	412
430	8	761
1285	107	55
1286	28	1287
1288	170	755
36	24	443
1254	17	1213
157	34	437
1289	152	1074
1290	129	196
697	109	691
727	3	136
157	10	1291
303	35	196
1292	30	501
477	15	86
1293	10	1294
856	76	73
1295	75	269
986	104	820
372	120	445
1296	10	262
630	3	110
1297	13	200
144	25	626
989	11	1298
206	114	103
361	21	283
1299	56	250
1300	13	41
847	153	409
75	145	420
390	185	1301
1054	3	347
435	25	29
638	75	541
455	3	410
886	92	1020
469	72	118
488	125	1302
319	49	295
807	35	446
619	3	1167
733	8	112
91	28	1088
155	38	1196
1303	35	15
699	48	891
723	26	514
1304	112	1305
1203	32	1306
1286	28	592
1146	51	65
564	24	91
956	35	190
19	25	626
1307	107	271
445	25	77
519	21	65
10	28	156
1308	46	430
1086	33	1250
670	26	151
1309	34	586
5	3	928
0	28	944
1310	106	1209
189	35	196
1311	8	1312
808	10	1313
34	20	518
113	18	8
1081	18	982
763	72	894
1126	37	251
1314	26	1315
1065	3	138
103	43	1214
19	48	607
1316	10	444
513	24	71
8	3	57
118	46	1252
946	72	605
814	172	411
1317	3	829
671	15	240
118	28	601
1131	32	514
1103	35	196
224	26	1058
279	67	1318
103	43	206
647	35	15
518	20	35
130	24	71
87	18	339
244	15	333
65	123	107
468	94	643
1296	10	1165
413	51	440
1319	22	73
984	57	526
332	72	161
67	5	1211
110	141	630
0	28	131
26	63	20
1131	10	457
547	10	1012
73	37	1320
832	32	75
1103	35	15
793	26	151
684	73	178
758	18	88
931	34	169
0	28	355
342	34	431
245	18	1142
584	18	1321
1322	17	623
11	35	196
1323	130	190
1042	22	73
1324	3	1325
700	32	1326
629	17	556
10	28	726
827	45	1089
332	72	449
130	3	121
579	24	147
895	35	65
73	37	1327
1328	13	200
26	63	23
1329	24	149
1125	18	154
466	11	906
416	46	665
130	18	121
826	11	1330
365	9	1187
1331	107	55
390	165	1128
1138	35	283
1332	26	75
637	71	53
260	53	1333
156	35	283
946	54	1334
1335	3	595
526	20	518
161	28	358
31	18	982
420	13	200
398	34	1
65	11	307
52	49	295
557	3	685
1336	22	73
18	39	411
526	43	162
1216	34	1107
299	13	41
407	107	1046
339	3	88
438	51	440
843	23	1072
518	82	322
1072	3	1054
1011	64	910
829	3	227
1226	21	466
73	37	1030
140	36	1337
57	57	103
48	28	628
1338	13	25
203	16	21
807	35	178
1264	76	73
187	39	1101
103	43	571
92	35	446
691	83	66
1219	34	549
1149	21	65
196	11	1339
1329	127	1258
371	24	186
50	10	266
1340	7	65
390	165	560
724	21	446
140	12	107
10	46	468
528	13	1132
630	13	200
76	25	683
1019	35	65
1106	91	263
212	35	65
1340	104	384
665	94	578
437	35	283
1081	26	409
392	21	65
161	38	705
702	9	1241
1213	57	206
502	30	501
190	41	205
132	35	466
73	37	1181
9	46	430
842	38	761
820	13	41
526	43	571
1341	183	1342
377	89	509
285	13	41
890	34	170
829	95	1343
1344	10	106
1065	13	200
71	28	847
592	49	543
543	24	490
42	45	710
314	15	275
90	3	799
420	3	793
118	28	235
545	107	271
515	30	75
243	35	190
155	28	332
968	13	200
166	18	51
1043	76	73
102	175	601
446	145	359
1345	7	65
0	28	578
979	70	145
1137	159	1346
91	38	79
35	82	17
504	34	431
303	72	0
324	53	1347
142	106	1348
714	77	554
131	35	446
651	27	1349
8	13	41
881	13	25
1350	122	1351
444	35	196
156	72	305
329	26	1352
383	28	170
1353	46	430
223	3	120
556	3	689
18	39	76
78	72	10
407	186	65
5	10	836
1354	72	0
159	155	662
1068	10	679
997	153	75
761	26	1058
1231	144	597
120	18	121
547	3	504
1355	13	25
1214	43	103
251	56	1126
390	185	1262
86	2	1225
196	11	712
802	153	75
996	170	755
1137	159	1356
296	26	1357
861	13	200
1358	38	122
496	104	535
355	49	1055
396	21	1359
40	57	505
533	13	25
297	13	41
1329	13	41
651	49	650
499	34	469
133	35	75
249	51	414
934	62	1360
587	12	107
797	49	1087
130	10	911
0	28	1354
849	94	355
303	35	466
35	20	279
591	5	636
181	18	339
216	13	25
84	3	192
424	10	1194
1361	35	283
86	2	1192
21	63	704
1137	159	1362
65	11	532
187	39	618
96	172	6
1130	70	302
91	28	642
450	12	395
162	20	491
494	13	41
874	18	878
593	23	180
10	28	1225
71	38	239
362	19	1136
645	104	1255
380	17	343
532	73	65
27	91	263
394	12	107
727	18	136
18	39	1363
51	3	50
76	48	153
1058	107	55
409	9	221
71	28	235
526	20	35
26	63	382
12	137	75
226	10	1364
837	22	73
73	37	1201
112	18	113
439	117	315
515	192	13
445	107	55
1258	11	1257
195	0	15
396	35	466
1365	121	1366
10	28	643
195	0	1176
865	54	44
246	21	65
91	28	1053
90	18	852
435	25	626
1367	75	925
50	3	51
159	15	86
138	13	41
1201	22	73
249	51	1110
376	89	377
21	63	1368
1102	10	78
113	3	8
963	137	75
116	51	65
506	57	103
1094	104	744
161	28	1053
1310	45	1209
473	76	73
285	150	279
287	13	25
1369	104	744
580	85	761
749	26	1005
7	57	103
266	36	296
73	37	1042
243	35	440
657	35	196
292	127	75
1370	95	1356
15	41	205
985	24	605
158	3	1332
51	18	50
181	3	87
235	72	71
1371	3	1372
460	3	875
826	188	13
437	35	190
1096	126	1373
1066	37	814
199	34	308
1374	12	395
1375	9	1376
26	18	819
35	20	518
186	194	86
1060	8	762
1377	194	225
886	13	94
457	35	15
353	35	190
121	18	130
1133	76	73
431	54	166
31	18	30
1378	26	151
331	126	1298
866	10	978
1077	13	200
1379	35	15
444	35	190
529	77	194
984	24	1127
682	77	107
155	28	119
187	39	1380
1381	70	302
332	72	118
346	54	743
18	39	1382
410	3	455
467	13	25
1383	71	86
1384	45	1385
1386	129	466
1387	107	55
824	3	874
1198	21	65
445	48	1388
196	11	1389
708	49	192
1390	26	804
416	28	1391
296	24	118
445	29	168
381	18	824
1213	65	493
1064	16	21
702	11	1392
279	20	526
162	43	505
1196	24	155
802	15	275
625	85	994
212	35	283
522	24	71
392	35	283
1393	102	13
799	26	215
753	91	263
605	38	442
1394	8	1395
178	11	1304
1172	72	635
1177	10	394
324	19	336
131	35	190
565	49	171
1004	64	1184
157	10	437
1396	3	1136
305	28	1057
21	63	1397
1196	3	1395
1369	13	94
894	194	225
155	28	1036
605	28	1398
1399	76	73
1159	28	431
413	51	471
118	28	266
254	75	961
752	16	26
73	37	1319
110	24	149
18	118	1400
511	9	178
1283	24	71
464	10	652
286	11	492
1401	171	1402
10	28	642
593	23	1403
91	28	170
840	56	1066
5	58	188
1111	64	702
1310	45	1327
714	39	1381
226	18	524
583	24	582
1057	61	1404
130	3	223
10	28	203
505	43	35
859	75	858
643	49	160
693	13	1405
113	3	57
1406	17	199
92	35	178
525	56	1126
279	20	34
156	35	65
56	17	461
272	35	196
320	76	73
675	57	571
189	153	1085
878	18	874
295	3	227
226	34	85
799	3	90
744	32	1407
1071	194	225
1148	155	133
112	3	1140
346	54	1054
163	127	409
1408	85	1409
964	25	29
1410	51	511
1411	56	250
873	24	798
16	85	17
850	35	178
595	24	605
1296	10	655
178	9	511
1364	15	333
1179	73	466
223	18	121
430	8	183
99	43	505
461	13	200
103	67	924
243	35	283
1127	38	961
205	162	1146
243	35	65
338	8	292
802	100	891
630	95	810
984	13	41
1126	37	814
454	54	1278
1412	19	408
155	28	358
611	99	178
1398	71	616
344	110	753
293	3	292
173	38	172
531	35	440
38	21	65
78	72	635
1413	10	655
118	38	87
478	27	141
529	118	295
409	11	569
413	51	190
461	150	103
222	18	40
1414	169	608
260	19	884
1352	107	55
245	10	244
1037	35	283
35	43	99
80	28	978
583	13	25
65	90	205
682	39	391
136	10	1415
179	75	1068
490	28	742
727	34	480
1310	106	1327
1245	178	15
1186	15	86
377	15	86
1391	15	1202
1416	3	295
497	192	13
895	35	196
383	28	437
559	26	215
279	20	35
626	109	323
71	46	838
245	24	37
794	112	1417
936	34	310
946	54	277
18	77	853
1188	19	180
264	107	55
71	28	64
162	43	35
1418	172	1025
1419	107	55
723	34	1420
999	10	1107
859	75	961
1421	25	77
934	62	1422
26	63	281
370	194	86
103	43	35
718	13	1423
1328	13	41
95	37	1418
576	35	15
91	28	387
1082	150	279
1424	10	481
548	40	947
625	44	514
963	102	13
422	13	25
663	70	1250
147	38	722
1363	25	683
1425	3	759
1426	32	75
206	43	162
1427	35	65
37	38	1317
14	35	446
600	20	526
71	28	170
35	42	279
1221	21	196
385	10	1428
73	37	1190
195	0	1110
1126	37	1067
73	37	301
19	48	829
1050	72	523
524	18	227
109	85	630
630	95	110
1327	22	73
158	3	902
1195	164	108
1257	107	271
1130	25	77
245	3	1142
206	67	1155
1226	153	1429
68	18	615
1401	22	73
673	74	47
1190	22	73
902	7	65
723	3	722
305	28	1430
1431	134	290
1245	35	409
154	18	1125
1432	107	55
18	39	1433
1053	72	161
1073	37	1067
1410	51	440
86	2	911
383	38	1356
722	3	296
176	22	73
1434	107	55
18	39	435
680	127	215
549	153	65
1359	117	315
496	104	583
497	102	13
1123	170	487
852	3	339
18	77	436
6	70	302
1435	26	75
318	3	252
305	28	1172
390	185	1436
1437	55	1438
185	104	1224
922	17	669
810	95	630
758	18	852
584	24	37
1439	28	257
1430	15	1440
26	34	23
944	40	670
1441	107	55
1064	155	1095
1124	24	443
1319	76	73
336	3	890
1442	196	1443
1144	10	451
431	49	166
852	18	339
1444	26	75
111	76	73
11	15	275
352	69	501
1416	3	227
166	18	639
139	169	309
372	104	284
98	3	97
73	37	1445
10	46	417
691	26	562
812	3	985
21	63	1064
1446	13	25
1356	95	1370
799	18	181
123	75	830
118	28	82
1036	36	442
1447	136	1448
529	39	19
515	59	13
187	39	1382
75	151	111
26	63	64
329	32	1352
18	77	1251
402	35	65
159	27	39
1001	24	118
90	18	799
155	28	708
68	175	169
234	72	605
338	8	295
652	98	1449
1307	9	910
1281	12	107
342	58	431
689	18	146
6	25	697
1450	71	86
640	102	13
1451	107	55
1197	129	1153
1452	10	587
1094	104	384
227	3	543
81	15	53
381	68	674
133	170	487
669	92	74
984	13	200
749	7	283
189	35	466
509	155	376
363	13	1405
1116	49	1115
154	18	153
849	8	410
394	49	1211
118	28	387
505	42	99
625	26	514
0	28	231
672	28	355
985	3	812
576	35	65
635	38	309
570	3	21
219	35	466
16	65	17
531	16	1453
155	28	544
1166	15	86
455	3	1093
339	3	87
1031	54	1454
1081	18	30
88	3	90
547	3	295
1273	56	1126
137	27	141
1363	25	77
1207	24	416
682	39	76
1377	28	361
954	64	546
999	3	1455
16	13	200
1085	25	1251
99	82	452
1456	13	25
113	57	162
973	22	73
1024	10	500
166	34	431
4	28	188
130	10	1368
430	8	828
1140	3	113
73	37	43
1332	10	807
252	18	253
440	11	1457
24	13	41
457	35	190
149	46	430
832	18	736
1377	28	657
162	82	693
360	35	1110
21	63	1458
1459	22	73
118	28	653
321	38	108
1460	172	445
305	28	156
73	37	710
793	24	842
969	18	968
1461	24	118
930	10	929
179	75	1035
353	35	283
71	46	417
499	34	1088
76	48	93
73	37	1462
257	72	1439
1332	3	957
1463	71	86
934	62	1078
731	10	328
1361	35	466
910	9	909
422	104	1464
968	13	41
153	3	1125
937	24	149
91	38	564
1465	3	420
634	35	15
632	49	66
73	37	473
1279	15	86
546	107	271
731	10	585
66	10	850
407	9	1466
417	8	79
780	32	75
387	36	87
671	100	1467
162	43	207
355	27	1349
17	7	826
1468	26	75
165	16	1469
162	20	34
466	11	1157
92	49	774
99	42	1214
443	38	130
1221	12	107
1470	53	1333
127	48	1328
26	158	225
679	35	283
419	72	71
84	18	192
305	28	646
665	8	379
87	18	181
872	112	388
380	17	1140
525	56	1073
1471	107	55
875	18	555
799	18	88
1033	13	25
1329	32	1258
656	162	1146
1472	10	1374
1169	72	598
279	20	103
192	78	708
320	22	73
279	20	99
1203	34	78
1370	10	992
10	46	665
1214	43	99
161	28	1282
1050	49	759
267	18	268
196	11	1290
116	51	561
629	17	1473
831	61	1232
180	3	297
934	62	1474
1182	107	55
289	185	1475
277	34	946
132	35	65
1476	176	1477
88	3	339
26	34	52
84	24	118
345	72	443
431	49	639
1478	112	1479
1276	11	440
155	28	170
605	28	946
691	32	562
73	37	1459
34	20	526
195	0	1145
1480	154	62
475	16	1469
460	18	459
259	16	21
561	9	1176
555	3	875
982	18	30
392	21	466
66	83	691
73	37	1259
440	90	205
460	3	759
910	11	1011
154	58	637
551	18	607
1235	10	715
1012	35	65
18	77	225
1311	8	1335
6	70	145
318	34	1112
848	16	21
80	46	849
937	13	41
1136	3	1396
40	18	222
927	152	1481
526	43	206
1002	5	1211
536	63	899
374	18	373
868	130	511
1482	10	785
902	34	319
1049	67	1020
237	24	155
170	35	15
125	13	41
170	35	196
1483	194	225
656	162	617
405	165	996
15	9	283
18	39	796
815	49	816
164	95	410
71	28	23
525	56	1066
1028	10	244
497	48	1461
274	27	915
1460	103	1059
1354	15	86
1418	33	1250
227	24	798
1117	54	428
73	37	1484
123	75	602
162	82	1404
123	75	986
438	51	511
161	28	544
319	72	37
111	22	73
723	32	514
334	134	550
889	13	25
440	9	190
397	13	238
73	37	747
862	9	54
544	72	161
2	11	1485
123	75	128
130	10	85
625	24	71
690	137	75
76	48	1242
18	118	1486
192	24	118
162	43	34
103	20	518
1137	159	768
894	28	772
18	39	817
450	15	275
390	185	560
838	94	642
1281	21	65
10	28	899
625	24	161
824	18	381
385	10	1195
984	24	149
105	153	75
727	3	98
43	33	302
560	70	302
279	67	1155
81	21	65
87	3	852
295	34	634
187	39	914
91	38	296
1189	25	673
140	138	784
449	38	1487
118	28	64
660	104	1039
99	82	937
655	35	15
731	34	753
714	39	1128
22	89	23
103	67	1488
305	28	671
253	34	1489
1171	10	1458
1062	22	73
383	28	1490
18	39	980
943	48	1346
746	18	68
485	10	478
254	75	163
205	96	1146
319	21	196
1491	10	1106
71	28	715
16	57	526
222	3	125
160	175	203
63	18	719
17	57	35
1136	141	675
35	42	505
950	10	266
850	35	190
1492	76	73
1493	57	518
1494	10	1287
235	72	10
1019	21	196
364	42	279
1495	13	462
1372	3	1371
9	38	8
62	17	148
389	26	215
1198	15	1440
125	18	222
88	3	799
26	63	667
1194	35	190
383	28	14
18	39	445
1121	38	493
1496	22	73
514	107	55
1310	106	473
1473	55	1333
155	28	330
634	35	190
374	13	25
640	25	697
1497	76	73
155	38	659
322	13	41
318	24	894
110	13	200
1097	88	283
518	67	1020
1498	69	1499
682	39	618
390	185	497
120	3	223
643	16	21
1088	170	487
187	77	673
352	134	334
1126	37	806
338	94	1016
21	3	1001
1489	49	253
1192	35	196
972	51	511
1388	13	1500
529	39	618
78	49	237
894	38	157
505	82	579
56	17	968
762	18	813
630	3	109
162	109	913
1073	37	251
68	18	746
64	15	275
1398	72	605
26	63	895
19	48	224
922	17	74
1169	144	1170
1501	107	55
381	3	878
1134	13	200
328	35	283
312	18	313
461	57	99
40	3	125
1211	34	394
86	2	131
49	36	474
1502	38	1503
1458	16	21
404	17	669
1171	26	151
326	95	336
543	3	227
71	28	11
1156	17	1108
902	24	1504
220	36	597
18	39	1421
146	3	689
311	12	107
866	24	37
1445	76	73
669	57	103
73	37	1505
136	3	252
687	119	917
865	54	1325
798	38	1356
510	11	178
73	37	920
917	11	687
852	3	87
1373	107	55
170	72	10
10	38	746
985	152	950
1330	129	826
431	71	616
339	3	852
498	22	73
1506	54	211
220	35	466
103	43	99
736	34	387
1019	153	196
187	77	554
826	145	739
71	28	105
26	3	741
274	27	39
839	26	409
1213	13	41
1507	154	1508
162	20	526
922	154	404
518	20	526
1401	76	73
227	24	443
510	11	1301
670	24	0
213	35	283
715	113	709
78	21	196
184	78	847
370	46	998
484	18	1135
1071	28	756
313	3	312
608	32	860
753	61	199
18	39	1304
263	34	1106
127	48	1378
749	24	732
824	18	874
884	18	287
311	144	597
296	34	266
334	69	286
155	38	931
1213	57	103
1081	3	31
73	37	1385
30	3	1081
245	24	383
195	0	283
196	41	656
1439	28	1050
969	13	200
896	126	1466
175	50	1509
410	3	1093
632	100	180
31	18	1081
1510	13	94
875	3	555
115	25	77
118	28	715
179	75	1213
1400	13	41
1140	3	112
17	13	41
26	34	911
490	28	587
416	46	838
118	28	203
504	10	1511
146	18	556
532	111	65
749	13	41
758	3	90
1137	159	522
764	13	25
249	51	196
518	67	280
362	19	499
118	28	78
961	24	1127
1512	129	196
777	22	73
103	43	505
643	170	487
361	27	39
90	18	339
824	3	381
746	34	1088
408	26	409
444	35	283
510	11	446
469	72	91
1137	159	389
931	13	238
799	18	852
418	68	870
580	10	671
1090	104	744
8	3	63
18	77	554
321	46	665
118	28	666
343	3	1140
398	7	826
18	39	1436
286	133	1513
1196	13	238
10	28	847
73	37	1496
336	32	1514
337	76	73
133	155	1148
1515	27	141
846	13	41
735	13	200
1444	24	37
153	24	605
532	128	65
361	35	15
649	24	443
1256	104	744
136	34	480
759	3	460
115	102	13
1064	49	1063
249	51	15
769	10	548
274	12	107
1369	13	1516
1085	48	829
1308	38	112
1517	194	86
555	3	759
212	35	466
534	76	73
1389	128	196
829	10	1172
1515	15	86
445	25	436
958	24	10
1518	107	55
73	37	1497
29	74	1519
711	10	652
377	89	376
1048	76	73
1124	24	71
66	10	632
1082	57	103
704	144	819
1179	129	466
468	8	160
1388	106	1168
268	18	267
35	20	364
852	3	88
376	155	377
415	18	98
334	134	352
591	169	24
1056	163	1520
305	28	563
1521	48	761
546	11	1522
605	38	342
1183	26	860
577	7	65
1332	3	158
355	21	65
722	13	25
510	11	1110
568	199	65
106	153	2
1031	15	86
852	3	799
824	10	831
459	18	555
75	145	625
1523	21	446
519	153	75
1524	34	198
984	3	937
1525	27	39
1361	153	804
155	38	947
295	3	1416
1208	26	514
445	48	691
18	39	1130
10	28	1107
1526	107	55
1527	88	1528
305	28	23
448	76	73
476	3	226
727	18	252
1529	107	271
91	46	624
18	77	673
1336	76	73
1009	13	25
2	50	1509
294	48	1270
460	18	759
40	18	125
438	51	283
1530	107	271
378	23	1531
1032	153	75
910	9	1307
1278	34	454
148	95	322
155	28	1225
350	35	65
829	10	895
1532	157	1533
610	76	73
5	34	188
1130	137	278
198	35	196
1115	125	1534
999	24	71
19	48	698
223	34	355
10	28	1221
415	18	727
617	116	205
1309	125	586
488	125	1489
62	17	1297
118	46	1394
1535	22	73
1380	30	447
436	74	626
296	3	722
1497	171	111
637	146	154
578	91	577
506	95	857
964	102	13
626	74	225
446	151	1133
604	48	744
968	18	969
1178	11	501
19	48	705
73	37	1271
265	171	111
436	109	1068
246	27	1200
368	106	1089
865	54	1324
155	28	1172
155	46	338
463	13	41
769	34	548
614	35	446
304	111	65
254	75	693
529	39	294
419	170	487
759	18	460
592	72	672
529	77	225
1385	22	73
220	35	196
240	2	298
113	3	351
8	3	719
66	34	67
806	56	1073
723	34	634
1536	55	107
593	23	1537
19	29	168
1538	59	13
799	18	87
1066	37	840
717	9	716
10	46	1394
379	24	118
162	20	1214
267	3	905
416	38	1207
490	28	836
1539	22	73
1540	75	122
21	63	643
31	150	279
162	82	113
913	7	65
121	3	223
879	45	433
719	18	63
1112	54	318
44	10	1354
607	18	551
170	72	798
355	153	221
340	11	910
626	109	485
10	28	1354
343	18	1140
368	106	369
605	28	431
1508	154	404
1478	48	51
994	34	1541
1542	194	225
92	35	1110
113	115	279
850	35	446
305	28	592
131	91	183
26	34	1
635	38	157
882	24	516
1253	106	747
722	95	1068
633	22	73
1361	15	275
526	43	505
219	35	1110
1543	34	105
75	11	963
71	28	52
58	24	429
726	49	79
1068	10	1231
7	13	200
1173	150	279
405	165	1544
111	33	302
1245	72	635
890	10	170
197	16	171
1409	85	1408
675	24	149
762	3	813
232	128	178
187	77	77
305	28	1147
657	21	283
839	3	625
1505	33	302
584	34	1112
170	35	283
521	24	370
86	2	944
829	10	335
914	29	168
444	35	65
393	22	73
968	24	149
338	94	634
392	27	915
1308	38	528
1116	27	915
711	10	1166
86	2	1166
136	24	71
800	12	1333
807	35	1110
999	10	1229
21	34	203
268	10	651
79	24	91
281	12	107
994	68	674
984	18	937
630	83	109
11	15	333
293	18	292
274	155	1415
11	72	10
1545	32	1546
772	35	15
130	24	37
10	28	70
1510	7	65
351	3	113
113	18	112
140	98	939
73	37	1029
110	3	630
639	18	51
1547	73	466
480	49	252
337	22	73
318	10	1112
417	8	237
665	94	815
1548	107	55
893	22	73
1549	76	73
127	48	723
245	7	466
1371	18	1372
346	49	1054
704	49	21
1315	107	55
131	72	0
1346	93	195
1393	59	13
1082	13	200
254	75	128
1550	196	593
295	34	319
950	34	1398
1175	34	1174
669	57	35
859	75	74
90	18	181
818	24	118
417	8	1008
949	123	107
115	70	302
26	63	752
1014	104	276
501	145	739
425	21	65
675	13	200
402	35	283
647	35	65
1101	102	13
1503	24	1502
415	18	97
861	13	41
564	78	899
422	32	514
1184	11	1373
362	19	1456
1410	51	190
118	38	564
257	72	523
591	169	881
1125	10	139
158	26	826
179	75	1300
202	72	71
1551	15	1162
421	13	25
1462	76	73
544	72	155
758	13	1132
1552	76	73
121	18	120
253	18	252
692	17	299
787	24	147
279	67	925
213	35	446
1239	13	1500
371	24	370
339	3	758
1230	15	86
657	35	283
1553	75	172
263	10	355
351	26	286
207	43	162
57	3	8
1554	107	55
1482	44	75
1138	35	65
1320	76	73
639	34	431
814	103	542
231	35	134
196	11	1555
708	40	1196
480	54	136
994	10	646
881	10	1556
1255	104	645
940	16	171
91	28	213
779	15	86
2	107	271
26	18	242
219	35	440
509	89	377
360	35	446
640	184	13
1090	7	65
557	13	1210
505	20	279
1120	11	1119
1071	38	1070
1180	22	73
155	46	1252
80	38	26
1492	33	302
1557	24	71
244	54	1028
982	3	1081
1107	27	141
339	18	758
17	3	16
103	20	162
934	62	1558
203	49	1559
126	129	65
1188	19	296
212	35	190
1115	125	1560
321	46	1252
92	35	876
445	25	29
973	33	302
1561	10	1562
18	39	167
133	35	196
206	43	99
26	63	662
208	45	209
9	38	180
836	105	587
259	72	118
18	118	839
605	46	1311
420	3	1465
211	34	1506
1563	38	343
34	67	828
369	76	73
236	153	75
1564	95	1332
1219	78	549
250	37	806
120	13	41
746	175	1245
71	46	1252
1194	21	15
169	40	931
918	32	409
687	64	917
758	3	88
678	115	279
826	186	65
890	26	75
226	10	311
73	37	1113
640	25	626
1255	13	25
156	35	190
788	10	402
430	8	984
339	18	852
196	11	993
939	32	1565
66	85	691
1303	170	487
807	21	446
367	107	55
829	34	1172
626	109	277
328	35	15
383	38	130
250	37	1273
1158	11	1006
629	17	1566
344	110	1245
161	38	1283
533	95	296
439	9	876
1055	26	409
490	38	543
505	42	600
243	61	782
1567	18	292
1568	160	1369
236	181	784
508	10	1053
750	3	749
402	35	446
531	35	65
12	184	13
390	185	1380
1118	45	606
91	38	247
1203	24	71
1569	22	73
1125	3	153
1570	107	55
956	35	466
1125	13	25
103	67	1020
1037	35	190
195	0	414
567	7	826
51	18	166
682	77	436
1406	17	1272
279	67	822
416	46	1252
995	76	73
435	25	1251
1248	15	86
544	72	1286
1571	110	549
1572	17	1465
76	25	697
0	28	592
75	11	1280
73	37	1549
1482	10	1106
1075	10	885
295	34	52
1125	24	605
528	57	34
10	28	1274
635	38	295
185	24	370
370	194	194
525	103	542
744	26	1407
1399	22	73
126	11	307
1322	17	1318
116	51	178
652	35	65
178	11	684
1541	49	26
625	24	443
443	28	563
453	9	178
907	24	173
377	155	376
655	35	466
786	22	73
347	3	1072
568	170	755
294	48	1075
21	63	921
797	61	1087
466	41	205
1129	28	657
1414	36	608
35	20	526
505	43	103
10	38	68
609	3	608
694	62	1573
1385	33	302
326	10	1
669	13	41
75	11	964
1121	38	787
1564	10	587
324	19	1177
756	35	466
595	3	1335
1475	102	13
26	34	1541
1562	169	323
1574	19	148
206	82	540
1575	125	1117
407	186	196
940	98	939
116	51	283
220	35	283
1081	18	31
443	28	1523
1198	12	107
679	35	196
322	13	1405
852	18	799
526	20	162
1011	107	271
709	34	708
799	3	181
1137	159	293
1051	53	1351
626	74	436
1576	137	75
77	109	557
1194	35	15
633	76	73
821	144	1075
1259	171	111
69	18	68
1577	107	55
914	70	302
691	24	1083
383	28	332
1578	21	65
1097	88	15
1067	56	1126
313	157	565
1144	24	443
132	35	446
1406	17	528
806	56	1126
14	35	466
714	39	325
1538	184	13
410	95	164
207	43	35
19	48	295
181	3	852
187	39	1579
86	2	377
27	36	442
1580	24	516
731	24	798
1111	9	703
1195	61	1404
136	18	727
196	117	315
247	78	248
122	57	103
265	76	73
18	118	66
10	28	119
466	198	1547
997	15	1581
852	3	90
179	75	830
874	3	381
963	192	13
308	61	199
161	28	332
396	181	784
956	35	283
73	37	1402
1582	112	388
73	37	72
1278	10	1148
1583	26	15
187	39	791
559	3	1061
1478	48	1344
1584	163	75
1467	13	25
1290	111	196
607	3	551
1462	22	73
68	24	10
120	18	130
149	38	986
679	35	65
40	3	222
58	13	200
626	109	731
287	10	1458
121	3	130
918	26	409
781	153	75
867	78	477
26	63	726
258	7	65
206	43	34
1361	35	190
850	35	466
376	15	86
1273	56	1066
161	28	202
506	13	41
305	28	92
1585	154	62
156	35	196
625	24	383
753	49	649
1093	10	885
103	67	556
544	153	65
26	24	118
297	3	180
294	48	698
899	91	564
21	63	475
131	35	15
625	95	778
195	0	1586
281	35	283
614	35	15
115	48	1125
129	106	111
1160	26	409
675	95	950
799	3	88
894	28	306
727	18	415
1192	15	86
136	13	41
523	28	1050
62	17	1465
118	28	358
162	67	280
1409	13	1500
614	12	1333
1192	35	190
1164	10	1248
1403	55	1438
1246	10	519
292	18	1567
558	22	73
999	24	37
390	185	1587
452	95	691
603	16	21
336	152	729
894	28	763
1588	37	1299
670	24	155
79	78	726
446	2	272
249	51	511
1209	76	73
1512	111	196
88	3	181
180	3	1068
881	32	409
518	20	34
608	24	490
579	57	99
197	35	15
947	34	140
767	104	825
253	10	655
1323	88	190
528	24	1353
12	59	13
785	16	21
1055	10	850
705	10	1147
590	154	62
1346	13	94
206	20	103
1103	35	190
772	35	466
722	18	296
652	15	1581
1127	46	430
91	38	902
147	38	146
16	13	41
443	28	797
635	38	455
328	35	466
123	75	822
249	51	1145
526	20	279
759	3	459
20	153	75
126	128	65
1262	48	1314
491	43	162
26	63	779
1427	153	1589
21	63	715
639	10	1420
635	38	318
1016	35	15
1137	159	180
79	34	726
617	51	65
1538	192	13
1590	13	1500
511	11	1591
1137	159	1592
1593	37	575
1594	21	65
1595	34	1036
186	194	1596
1597	15	333
1598	110	22
629	17	1599
1600	130	1601
1602	10	106
1603	76	73
1094	121	1604
1605	10	1053
1606	75	745
130	26	1607
309	24	1608
1609	88	178
611	19	1610
1611	107	271
1612	104	744
557	136	1613
314	61	1614
1615	15	275
1616	15	275
130	32	1617
260	19	1618
1619	32	1620
1621	165	568
1622	33	1250
1623	107	55
26	63	1624
1625	17	833
1626	27	141
1627	107	55
1628	13	94
249	51	1629
1630	196	1631
335	144	1632
1633	37	1411
356	159	1634
1356	26	1635
1406	17	1636
1637	24	71
1638	107	271
1498	69	1639
1640	107	55
113	26	1641
1527	88	1642
1643	158	225
1137	159	1644
959	11	1645
1646	64	702
510	11	1647
73	37	1648
1649	107	55
1650	13	25
1651	25	29
1652	151	1505
1630	84	1550
917	174	687
629	17	1653
1654	13	25
1655	33	1250
1656	107	271
194	147	25
1657	70	302
605	28	1658
889	163	1659
869	197	229
