0	88	1
2	48	3
4	2	5
6	11	7
8	135	9
10	50	11
12	34	13
14	2	15
12	34	16
17	64	18
19	116	20
12	34	21
22	68	23
24	45	25
26	2	27
28	33	29
30	16	31
32	9	33
30	16	34
35	21	36
10	50	37
38	0	39
40	135	41
42	48	3
43	4	44
45	2	46
47	38	48
49	86	50
25	68	51
52	117	25
53	4	54
55	58	56
57	117	58
59	105	60
32	9	61
62	96	63
64	50	65
66	2	67
68	0	69
25	68	52
70	50	71
72	2	73
74	94	75
76	2	77
12	34	78
79	3	80
81	111	82
83	4	53
12	34	84
85	72	86
87	48	3
88	2	89
74	94	90
91	2	92
93	52	94
95	33	29
96	2	97
98	4	53
99	21	36
100	68	23
101	2	102
74	94	103
104	8	105
106	3	107
108	32	109
110	78	111
74	94	112
113	2	114
104	8	115
116	30	117
118	48	3
119	1	120
121	3	122
123	89	124
125	2	126
127	56	128
129	58	130
12	34	131
56	58	132
133	43	134
135	32	98
136	50	137
11	50	138
139	2	140
141	32	142
143	5	144
145	50	146
32	9	147
148	4	149
25	91	150
12	34	151
152	42	12
153	62	154
155	21	156
142	111	157
158	56	159
160	89	161
142	32	162
163	130	164
165	25	166
167	99	163
168	42	12
76	2	169
12	34	170
171	58	129
172	2	173
174	82	175
8	42	176
12	34	177
178	117	23
179	2	180
163	130	181
182	91	183
49	53	184
185	2	186
187	8	104
168	48	3
101	2	188
53	32	189
25	32	190
191	67	174
76	2	192
145	50	193
25	117	194
195	17	196
197	45	198
199	56	200
201	5	143
154	30	53
202	1	203
204	74	205
76	2	172
62	96	206
32	9	207
208	104	209
12	34	210
125	2	76
211	50	212
32	9	213
88	2	92
214	2	215
216	48	3
68	3	217
218	56	219
220	93	221
222	26	223
224	117	25
225	42	12
226	68	227
228	2	229
230	74	19
231	9	232
87	64	233
123	89	234
235	130	236
71	50	237
74	94	238
158	126	239
240	56	241
106	2	242
243	105	244
245	3	246
188	126	164
247	2	248
183	79	249
250	64	233
142	32	251
113	2	228
226	19	252
3	130	253
254	45	23
12	34	255
53	32	256
257	2	258
110	121	259
260	50	261
262	58	129
263	42	264
129	58	265
104	8	266
23	68	267
268	11	269
258	56	241
270	50	65
271	2	88
257	2	272
273	62	157
274	42	12
275	15	276
277	50	278
279	1	280
281	38	23
25	45	282
142	32	98
283	71	284
272	116	285
286	50	71
74	94	287
160	89	288
56	58	289
290	91	291
292	62	293
53	32	251
294	58	129
295	52	296
297	1	298
32	9	299
142	4	300
301	4	302
15	48	235
4	2	125
303	116	19
304	91	305
306	3	307
189	4	53
308	48	3
309	45	23
310	45	25
76	2	199
19	116	311
47	91	312
23	68	194
313	8	104
23	91	314
315	2	106
53	4	316
25	117	317
123	89	318
319	50	138
114	2	180
320	48	3
321	67	322
12	34	323
324	3	325
76	2	125
110	121	326
327	48	3
25	38	328
329	50	65
47	91	183
330	35	4
231	9	285
104	8	331
32	9	179
12	34	332
333	117	25
334	2	78
335	45	150
100	4	47
336	2	337
338	33	339
340	45	23
173	2	199
32	9	341
8	42	342
68	16	343
344	35	26
65	50	345
285	2	346
347	38	183
79	2	101
88	2	26
348	2	349
350	48	3
62	96	351
81	111	352
353	50	211
309	117	25
354	50	355
165	88	356
245	3	357
358	135	41
359	35	360
361	2	362
363	48	3
65	50	353
142	32	364
65	50	365
220	93	366
367	48	3
56	58	368
341	2	369
23	68	281
370	55	371
372	58	56
354	50	373
374	15	375
376	4	23
49	53	377
378	32	53
379	42	8
380	2	257
381	68	382
383	94	384
106	2	385
102	48	163
74	94	386
362	48	235
53	4	387
46	2	45
388	17	389
135	4	53
390	20	391
392	43	393
141	4	394
395	118	396
397	28	398
399	2	400
271	2	91
401	3	402
403	8	149
354	50	404
32	9	405
406	8	104
407	50	408
409	3	410
163	130	411
76	56	412
413	3	414
415	48	3
362	2	361
89	3	416
74	94	417
418	3	195
199	2	173
419	2	420
47	38	421
56	58	265
369	48	163
422	4	53
79	2	188
160	89	423
424	85	425
426	91	427
428	78	429
333	68	25
114	2	271
3	130	430
361	3	431
432	2	72
65	50	433
226	68	434
385	2	435
436	21	437
53	4	141
12	34	438
439	4	302
23	19	440
441	91	442
443	32	302
444	2	445
45	2	89
0	88	356
446	50	354
74	94	447
179	2	315
12	34	448
74	94	449
450	2	337
25	45	451
452	48	3
361	42	12
453	43	303
354	50	454
455	2	456
246	74	457
458	111	459
65	50	460
53	32	461
74	94	462
463	3	464
23	91	178
173	3	465
466	50	65
467	76	468
469	74	470
471	45	472
8	135	473
474	2	405
32	9	362
53	40	475
197	19	476
342	135	477
478	28	479
25	38	480
71	50	481
482	3	483
484	28	485
101	2	474
486	3	487
482	85	391
32	9	488
489	45	25
490	35	14
491	69	492
32	9	493
32	9	324
104	8	494
495	48	3
260	50	496
81	111	497
53	32	498
499	4	451
500	47	501
394	4	53
79	27	502
503	48	3
504	78	391
64	50	505
506	4	142
12	34	507
499	4	100
297	1	508
12	34	509
158	2	91
510	48	3
65	50	511
512	27	513
49	86	514
65	50	515
516	1	388
517	48	3
25	117	518
262	58	56
155	21	519
53	32	520
521	114	337
4	2	250
71	50	522
264	42	523
160	89	524
286	50	525
53	32	526
25	68	527
528	8	183
74	94	529
530	3	531
532	85	533
534	135	535
10	50	536
537	48	3
496	50	65
538	2	101
539	2	540
541	8	104
134	3	133
542	29	543
92	2	26
49	65	544
545	35	45
30	16	546
547	62	548
290	91	57
36	21	549
74	94	550
551	2	45
226	38	100
342	42	552
49	65	553
260	50	554
544	3	555
57	91	556
260	50	557
558	50	559
354	50	278
32	9	215
560	33	561
106	56	219
562	5	563
564	74	42
565	100	566
567	42	568
25	68	335
569	8	570
571	42	12
30	16	572
573	50	65
574	91	575
576	3	577
578	3	246
579	8	104
62	96	580
581	50	582
583	32	526
158	2	551
584	21	585
160	89	586
176	42	8
587	48	3
588	91	589
506	4	590
591	126	592
23	45	593
301	38	47
104	8	594
62	96	595
110	121	596
12	42	597
30	16	598
599	68	23
600	129	601
56	58	602
487	35	486
603	95	604
8	104	605
606	88	607
608	32	25
25	91	47
609	4	53
610	88	165
65	50	611
49	53	612
479	3	613
460	50	212
212	50	211
614	91	615
435	2	385
25	45	608
25	19	616
610	88	617
618	68	25
619	50	64
163	130	620
621	0	622
623	32	624
625	8	104
53	4	526
74	94	626
340	68	23
185	2	72
627	88	607
76	2	91
628	42	12
419	2	445
231	9	102
445	3	629
160	89	630
45	56	631
56	58	632
420	2	419
65	50	633
634	135	535
635	2	33
627	88	636
71	50	65
637	35	638
491	69	639
76	64	233
640	69	641
23	45	642
153	4	643
644	48	3
337	42	521
135	79	645
62	96	646
623	32	647
491	88	610
74	94	648
163	130	649
650	42	651
652	19	653
654	2	655
575	91	588
199	2	46
656	0	375
657	48	3
32	9	444
126	2	5
304	68	281
658	32	659
660	45	661
64	50	662
65	50	663
664	96	665
101	2	666
32	9	4
667	62	157
23	45	190
74	94	668
149	4	148
23	68	669
670	58	56
71	50	211
512	27	671
245	3	672
231	9	113
673	32	142
674	2	324
675	105	676
25	91	677
481	50	71
678	121	679
538	2	248
104	8	680
666	2	101
681	58	56
260	50	682
196	3	683
303	3	684
337	2	114
173	85	296
81	111	685
686	48	3
387	32	53
65	50	687
688	42	8
689	16	516
690	32	302
691	21	155
692	50	65
693	88	694
25	32	47
220	93	695
696	8	104
346	2	539
8	135	697
698	50	37
49	53	699
700	50	71
354	50	525
701	85	702
199	56	703
53	32	704
705	4	394
25	19	706
707	76	708
109	30	135
173	2	89
709	43	479
23	45	710
711	48	3
248	2	538
712	16	163
30	16	713
714	42	12
302	40	715
716	30	53
717	4	718
680	8	104
719	4	53
720	8	104
27	3	416
49	53	721
722	42	656
69	1	723
346	56	724
725	117	57
726	34	722
727	50	71
728	8	729
74	94	730
382	32	731
4	2	732
12	34	733
734	2	450
69	3	735
736	67	279
737	74	413
738	0	739
740	21	156
741	8	104
30	16	742
743	58	56
10	50	744
349	116	19
53	32	719
143	5	745
746	50	71
101	2	463
747	68	451
340	19	653
479	3	709
748	71	749
750	38	421
30	16	751
752	99	163
19	75	587
32	9	432
753	50	65
707	104	209
104	8	726
754	43	186
755	2	756
694	22	757
30	16	758
197	45	759
760	2	66
761	48	3
32	9	762
76	2	763
62	96	764
160	89	765
766	42	12
62	96	767
768	3	769
65	50	770
721	58	56
264	42	771
772	50	138
3	130	773
774	2	250
186	3	754
775	48	3
53	40	776
777	94	778
74	94	779
780	38	25
62	96	781
556	91	57
4	2	89
74	94	586
782	3	783
784	50	785
25	45	314
786	48	3
787	74	413
154	62	548
65	50	788
121	2	789
790	8	104
83	32	142
62	96	791
747	68	281
792	2	257
158	2	172
74	94	793
59	58	56
794	129	795
450	34	796
273	32	53
797	8	798
799	48	3
800	38	23
801	32	98
802	19	803
744	50	804
32	9	805
806	43	686
65	50	807
338	33	808
809	50	65
23	68	309
125	64	233
138	50	211
810	71	811
74	94	812
813	2	89
814	58	56
32	9	79
815	43	816
229	42	12
817	16	818
819	50	71
250	2	125
820	2	821
30	16	822
623	32	823
824	74	470
825	17	544
826	0	279
827	50	71
137	50	828
467	74	19
54	4	53
539	27	829
830	4	583
458	111	157
160	89	831
74	94	832
658	32	623
833	40	834
158	56	835
836	0	516
71	50	837
25	32	100
104	8	838
12	34	711
839	42	12
813	2	76
840	8	841
842	42	264
843	4	53
844	42	845
12	34	846
132	58	56
847	27	848
576	2	849
850	50	851
739	3	852
538	2	341
62	96	853
854	91	25
74	94	855
856	21	857
858	91	859
860	43	4
56	58	861
862	19	0
196	3	863
354	50	864
165	25	865
98	4	135
866	50	65
335	45	867
104	8	868
341	2	538
10	50	869
870	0	871
32	9	872
873	126	874
512	27	875
285	2	539
876	38	183
166	18	877
798	8	878
260	50	71
104	8	879
880	42	12
231	9	881
882	2	883
8	135	884
142	79	885
380	2	106
532	2	886
463	2	101
887	30	888
641	69	889
53	4	667
686	3	890
891	5	119
125	8	892
893	38	25
53	32	894
895	48	3
92	17	245
512	27	896
57	117	897
898	28	899
53	32	645
900	1	901
8	135	902
819	50	65
903	76	209
53	32	904
905	48	3
298	0	297
906	28	898
160	89	907
908	58	56
909	71	910
53	32	911
443	38	623
32	9	820
912	81	913
104	8	722
12	34	914
10	50	915
23	91	150
23	19	916
917	69	889
173	2	26
310	117	25
308	42	12
197	45	381
104	8	918
10	50	919
188	85	920
921	79	922
347	32	183
923	58	56
142	79	924
375	42	656
526	4	583
62	96	925
926	55	927
104	8	928
30	16	929
930	4	750
539	2	257
304	117	328
632	3	931
45	126	932
656	122	722
933	83	934
65	50	37
935	3	204
62	96	936
474	2	232
937	86	938
354	50	939
25	19	940
96	3	941
131	42	12
142	4	942
81	111	943
125	3	944
428	78	945
173	64	664
390	51	111
12	34	946
766	42	947
265	105	948
627	89	550
25	91	518
81	111	949
950	91	859
163	130	951
53	4	952
953	71	7
954	8	375
955	91	25
142	4	956
597	2	895
110	34	957
958	8	104
959	117	25
960	4	53
163	15	247
32	9	961
962	27	963
62	96	592
33	2	964
965	59	966
967	42	12
968	3	969
30	16	970
971	16	972
19	116	973
8	42	974
975	8	954
976	32	53
125	2	5
862	45	150
977	119	978
441	91	979
354	50	980
69	1	981
247	56	982
983	58	56
30	16	984
30	16	985
74	94	986
578	3	987
30	16	988
215	75	989
304	38	990
25	91	991
438	42	12
673	4	142
992	94	778
72	2	993
770	50	65
994	32	183
76	8	935
995	14	996
454	50	354
542	29	997
53	32	998
3	130	999
1000	24	1001
251	4	718
294	31	1002
1003	32	1004
248	2	324
23	91	800
1005	40	1006
229	64	62
260	50	1007
354	50	1008
127	8	275
267	38	23
302	38	979
10	50	1009
123	89	288
1010	38	23
1011	14	1012
272	2	285
658	4	142
956	4	142
422	4	750
240	126	1013
391	31	1014
419	56	1015
226	68	677
315	2	114
25	117	1016
704	4	1017
428	78	1018
56	58	1019
1020	116	19
27	3	1021
354	50	1022
32	9	199
1023	50	804
419	2	1024
1025	74	245
231	9	315
53	32	141
76	8	1026
575	91	589
49	53	1027
863	43	196
3	130	1028
584	21	1029
1030	42	12
1031	6	1032
354	50	663
1033	113	250
110	63	1034
19	75	1035
12	34	1036
920	95	294
197	19	616
183	91	1037
131	48	3
30	16	1038
458	111	81
0	88	1039
658	94	1040
624	30	302
1041	101	1042
163	3	167
47	38	1043
65	50	1044
1045	1	1046
354	50	1047
1048	48	3
53	32	142
1049	85	1050
142	4	1051
1052	50	260
1021	109	1053
317	45	25
1054	6	1032
354	50	633
180	126	1055
1056	42	8
302	32	729
1057	79	1058
731	38	1059
346	56	128
712	49	235
302	32	800
113	2	337
658	94	366
183	91	1060
755	15	163
731	68	382
1061	94	586
65	50	1062
658	32	142
240	3	1063
23	91	190
431	43	361
664	96	1064
53	32	1065
460	50	211
1066	91	47
260	50	746
26	126	1067
329	50	211
71	50	744
944	35	125
801	32	667
25	45	267
933	55	1068
619	50	354
756	2	445
837	50	71
805	48	235
813	2	158
226	19	803
1024	56	1069
354	50	1070
183	91	47
160	89	1071
23	45	281
337	2	180
74	94	1072
1073	8	104
74	94	1074
10	50	1075
1076	8	104
1045	1	1077
233	128	1078
1079	2	341
133	35	134
32	9	666
19	116	1080
965	0	966
664	96	649
163	130	1081
1082	71	1083
46	2	169
1084	4	658
1085	85	391
413	3	1086
1087	51	391
212	50	65
979	91	47
25	117	150
126	64	664
756	2	755
226	68	527
1088	50	145
3	130	1089
1090	8	962
1091	52	1092
798	8	975
12	34	274
506	32	394
1093	42	856
978	105	1094
302	4	100
145	50	785
833	32	1095
445	2	1096
32	9	140
62	96	1097
479	3	1098
143	5	1099
1100	8	76
10	50	65
12	34	1101
36	21	1102
100	40	1103
91	126	1104
65	50	1105
1106	116	19
166	18	1107
302	40	1108
394	32	911
74	94	1109
19	116	1110
33	48	235
65	50	1111
1112	8	519
258	56	1113
214	2	76
1114	42	650
1115	16	297
25	19	476
32	9	813
1116	76	1117
304	91	57
454	50	65
560	33	1118
56	58	1119
19	116	1120
1121	35	961
279	1	1122
375	8	954
314	117	25
633	50	211
281	40	220
549	63	1123
391	0	1124
12	34	1125
106	2	315
716	4	53
1126	32	53
160	89	1127
1128	32	911
1129	5	68
232	2	341
691	21	1130
183	91	1066
1131	48	1132
8	42	1133
25	45	1134
472	45	471
445	2	419
1135	48	3
774	2	26
4	2	46
1136	65	1137
518	117	25
1138	46	1139
25	68	608
289	14	1140
1141	62	911
106	48	235
67	2	756
1142	112	1143
49	65	174
143	5	544
445	2	756
1144	4	53
729	32	693
467	104	209
56	58	1145
1146	48	3
992	4	53
272	56	724
1147	28	110
1148	50	138
1149	42	8
306	2	1150
862	19	653
142	4	667
30	16	1151
217	43	68
53	32	1152
57	91	290
324	3	1153
76	2	214
1154	50	71
1155	48	3
337	56	1156
1157	49	110
76	2	88
472	19	834
56	58	966
302	32	328
664	96	1158
150	45	25
36	21	1159
459	8	520
304	32	57
1160	5	279
53	4	1161
27	56	1069
500	74	19
192	2	134
231	9	79
723	0	69
104	8	1162
271	56	835
782	49	1163
662	50	466
53	32	1164
106	2	756
10	50	1165
10	50	1166
104	8	1167
852	74	279
30	16	1168
1169	52	920
74	94	1170
632	58	56
302	8	25
32	9	337
784	50	138
1171	79	645
1172	117	897
583	32	1173
106	2	420
151	48	3
1174	74	401
25	38	197
1175	2	127
634	135	41
542	29	1148
68	5	343
1079	2	101
750	32	1176
188	2	1079
1177	43	306
1178	48	3
1179	30	57
731	4	302
957	0	110
25	68	955
897	117	1180
296	71	1181
228	2	591
1024	2	106
69	1	1182
0	88	1183
25	45	1184
354	50	260
65	50	1185
56	58	908
445	2	324
76	2	158
211	50	137
185	42	12
650	34	1186
56	58	1187
74	94	1188
23	117	150
120	67	119
1189	42	12
1190	43	1191
818	3	1192
126	2	125
1193	101	1194
927	37	603
215	56	1195
32	9	250
215	2	76
24	117	25
190	117	23
12	34	229
138	50	137
27	2	271
25	117	608
1196	119	1197
1198	42	12
25	91	959
768	85	1199
32	9	114
1080	116	19
65	50	270
1200	116	17
1201	42	12
271	2	27
319	50	525
1202	43	1203
23	117	747
137	50	10
371	3	1204
46	3	1205
383	40	1206
1207	98	1015
1196	119	1011
1208	48	3
299	2	250
542	29	1209
660	19	1210
19	116	1211
1212	2	1079
57	32	1213
88	3	1214
25	45	959
1215	117	183
700	50	65
664	96	1216
897	117	58
74	94	1217
293	62	1218
1219	79	1220
47	38	1221
1222	35	17
1223	50	785
12	34	1224
172	2	76
8	135	1225
1010	68	25
1226	43	1227
10	50	329
1228	58	56
931	102	1229
56	58	1230
471	28	472
25	45	518
1090	8	1231
74	94	1232
1233	50	354
1234	43	818
1235	4	53
1236	94	778
36	21	1237
1238	32	53
23	117	489
233	96	239
1161	4	53
564	113	538
722	21	1239
612	105	1240
821	3	1177
26	56	835
1241	4	53
193	50	138
1242	33	29
1243	48	3
64	50	137
53	32	705
36	21	584
110	121	1244
428	78	1245
285	2	272
25	45	1246
1044	50	37
104	8	1247
1090	3	1248
354	50	1249
897	91	859
512	21	36
391	3	1250
27	116	199
1251	4	53
81	111	142
1252	42	12
229	2	385
57	117	1253
567	135	1254
142	32	1255
23	32	1061
250	3	1256
160	89	1257
428	78	1258
65	50	1259
0	70	25
1260	85	111
32	9	1261
199	2	89
1262	48	3
74	94	1263
65	50	1264
49	53	1265
1203	2	882
323	42	12
1266	58	1267
1268	5	1045
23	68	1269
1270	48	3
65	50	1165
1271	42	12
472	91	471
12	8	69
53	32	1241
952	4	1272
123	89	1273
528	91	183
413	3	1274
302	94	778
1275	8	104
30	16	1276
25	32	647
1277	91	312
49	53	1278
1210	70	25
354	50	1279
12	34	1191
0	88	1280
451	117	23
183	91	994
860	104	209
720	8	302
597	64	233
774	56	1281
647	68	23
1049	64	233
841	2	257
1282	28	1283
608	68	25
81	111	153
337	126	1284
1285	4	302
436	21	155
1286	8	104
1287	4	53
69	1	1288
470	3	824
1289	42	12
231	9	1290
104	8	1291
392	43	1292
341	2	248
12	34	1293
53	4	1294
312	91	588
401	3	1174
734	2	228
56	58	1295
123	89	1296
25	91	1297
662	50	138
220	93	1298
260	50	286
1067	52	1299
3	130	1300
961	3	1301
1302	68	25
84	48	3
81	111	461
727	50	744
46	2	199
57	32	302
57	117	858
362	126	1303
500	104	1304
1305	19	803
1306	42	12
526	4	777
1307	48	3
624	40	600
3	130	1308
1086	43	76
53	4	704
627	88	1309
213	48	3
1310	16	163
774	2	126
403	4	149
354	50	1311
271	2	813
10	50	145
664	96	1312
74	94	1313
101	3	1314
47	45	451
584	21	1315
650	42	1114
12	34	1316
602	58	56
1317	3	1177
782	3	1318
27	116	76
512	27	1319
23	68	314
405	3	1320
0	88	1321
1322	16	1323
4	3	330
841	48	1324
19	116	1325
0	70	1305
1326	8	104
104	8	1327
12	34	1328
57	117	304
1088	50	211
450	2	734
821	2	820
349	64	664
104	8	1329
8	42	1330
74	94	1331
56	58	743
226	91	1332
49	86	1333
1334	2	96
439	32	658
1187	105	1335
900	3	1336
532	48	3
361	2	87
92	64	233
56	58	1337
354	50	1338
8	42	1339
1165	50	65
1340	42	1341
1342	2	101
817	3	1343
1344	74	413
354	50	1345
1346	32	302
1347	43	349
49	53	743
666	2	655
30	16	1348
1236	94	1349
104	8	1350
62	96	1351
65	50	1352
1175	116	1353
1354	32	25
882	2	445
89	64	233
1355	3	246
1356	35	185
1357	8	104
516	1	1358
1359	42	12
1360	50	65
1361	90	163
74	94	1362
1212	2	101
1200	64	664
526	32	53
12	34	87
199	2	76
329	50	260
1148	50	65
61	2	247
471	68	472
354	50	1363
1227	48	163
32	9	873
89	2	1364
23	68	22
450	2	229
512	21	1365
419	56	1366
1367	50	71
12	34	1368
1369	50	65
369	126	1370
74	94	1371
129	58	1372
32	9	399
1063	109	1013
302	8	731
257	2	539
897	91	57
23	68	593
32	9	101
1033	139	664
1373	117	23
1060	91	1374
23	68	150
1375	3	1376
19	116	1377
658	32	53
160	89	1378
110	31	707
142	45	1285
180	2	114
569	8	1379
100	40	1380
428	78	1381
451	38	197
512	27	1382
1134	91	25
53	32	1383
1384	58	56
1295	58	56
143	5	1385
1386	85	1387
114	2	91
1388	43	26
165	25	1389
10	50	1390
1391	55	68
130	58	129
56	58	1392
1393	139	62
819	50	138
1394	58	1395
891	0	119
142	32	57
651	74	19
1396	43	94
153	30	394
456	85	963
1397	16	163
220	93	1398
1318	43	1399
76	56	219
1400	4	394
674	2	474
125	2	1401
590	32	1272
144	26	94
559	50	65
23	45	1402
32	9	1096
30	16	1403
52	68	25
501	3	1404
518	45	25
260	50	559
12	34	1405
316	32	53
1406	78	391
137	50	211
62	96	1407
640	69	1408
667	32	53
578	1	1409
1277	38	1410
218	2	763
53	32	667
664	128	681
160	89	112
1411	113	215
1412	52	953
1205	43	46
53	32	1413
882	2	139
867	19	1414
944	43	45
49	70	226
150	45	862
512	27	1415
76	2	89
12	34	1048
228	116	192
1416	67	544
1417	112	1418
755	48	235
1419	43	1420
62	96	1421
79	48	163
174	1	1422
106	2	1024
30	16	1423
74	94	1424
156	21	740
65	50	407
1425	117	451
1426	2	1427
1428	43	445
23	19	123
12	34	1429
10	50	788
964	48	235
1010	45	25
1430	52	296
911	4	53
367	42	12
57	91	58
422	4	394
264	42	1431
12	34	1432
463	2	42
1433	52	1434
32	9	1435
74	94	1436
185	116	19
540	2	257
74	94	1437
32	9	1438
434	68	226
385	85	1439
1440	74	1441
1442	68	25
10	50	772
324	2	789
382	19	803
1443	50	65
23	117	314
1444	50	71
422	40	542
53	4	1445
220	93	1446
1447	48	3
142	32	1448
140	64	664
828	50	211
856	51	391
508	17	283
23	117	178
183	4	1449
14	48	235
104	8	1286
1237	42	1450
1451	2	361
1406	21	36
1452	2	763
0	88	1453
506	4	53
807	50	65
901	0	1454
302	40	1455
53	4	1383
305	117	304
651	118	1456
336	64	62
760	48	235
422	30	394
3	130	1457
142	79	1458
100	68	226
1459	19	653
62	96	1460
231	36	341
91	2	89
750	68	25
76	2	337
1461	48	235
12	34	1462
153	62	1400
25	19	1463
74	94	1464
756	2	420
1465	74	215
117	4	1449
30	16	1466
25	117	1467
1468	50	138
25	68	150
110	46	1469
1470	48	3
25	45	800
578	3	1471
74	94	1472
23	19	0
116	4	1449
8	42	1473
166	18	1474
81	111	1475
722	8	569
1394	58	56
343	1	68
197	45	25
32	9	1476
76	8	478
25	117	747
25	117	1134
512	27	1477
104	8	1478
882	48	235
709	109	1104
1479	8	731
12	34	1447
854	45	25
0	88	1480
231	9	337
76	2	114
57	4	148
245	0	1481
137	50	1367
231	9	882
1482	11	7
542	29	1483
897	117	556
317	38	25
623	4	302
110	33	1484
568	42	634
25	45	24
74	94	318
104	8	797
32	9	102
650	34	1485
539	2	380
30	16	1486
56	58	1487
104	8	1488
1425	68	381
1489	17	68
1490	35	271
154	62	153
30	16	1491
959	68	25
1492	2	158
843	40	1389
1425	19	653
358	107	1493
459	4	520
30	16	1494
348	2	768
1495	16	1496
1024	56	631
74	94	1497
158	2	5
333	38	25
1201	3	1498
382	68	227
104	8	1357
1011	58	56
250	2	46
1009	50	65
12	34	1499
1500	2	257
304	91	1501
428	63	1502
1503	105	60
213	42	12
1504	0	544
451	68	1425
27	2	45
74	94	1505
5	2	46
736	0	279
0	88	1506
23	19	1210
250	3	1507
445	2	1203
1508	58	56
559	50	138
644	42	12
1509	100	566
328	117	57
1510	19	252
369	2	961
588	91	441
226	45	227
30	16	1511
766	2	299
57	117	725
987	43	622
49	86	1512
548	32	53
669	32	25
46	2	4
1162	8	104
142	45	150
1513	112	1514
62	96	1515
933	43	1068
362	2	14
56	58	1516
32	9	674
1024	48	235
532	2	361
53	32	1517
3	130	1518
324	2	101
12	34	1519
304	19	1520
312	91	1277
829	52	1082
1174	43	271
1521	105	676
30	16	1522
656	43	375
1523	0	297
49	70	1524
734	64	62
25	68	618
1525	35	348
3	130	1526
192	2	179
1031	33	29
754	35	186
1305	19	252
8	135	1527
474	2	247
1176	4	1003
12	34	1528
247	2	341
74	94	1529
30	16	1530
518	68	25
548	4	142
341	2	121
1531	43	1532
136	50	138
10	50	193
732	64	233
1533	48	3
354	50	1534
1535	48	3
56	58	1265
74	94	366
215	2	192
459	4	53
1268	0	871
1536	107	1493
271	126	1537
1538	2	1539
12	34	1198
1540	21	36
62	96	1541
160	89	1542
1543	63	1544
53	4	1545
104	8	1546
160	89	1547
849	42	12
74	94	1548
1549	28	898
589	91	1066
185	48	3
428	78	1550
19	75	701
27	56	1551
664	96	1552
32	9	1553
821	2	686
0	88	1554
81	111	1555
354	50	1556
1557	33	29
25	117	618
12	34	1558
173	2	271
1559	42	8
1560	52	1439
62	96	1561
228	2	435
256	4	53
218	2	242
1562	42	12
25	117	800
1563	48	3
91	2	5
1383	32	53
232	2	324
66	64	664
0	88	1564
1173	32	583
56	58	262
0	88	1565
824	113	341
1566	63	1544
25	45	472
190	91	23
731	68	23
32	9	445
74	94	1567
1568	2	1427
820	2	1150
1569	3	431
233	119	966
1570	3	1571
211	50	145
264	34	1572
445	2	14
1573	40	1389
849	2	686
66	2	755
666	3	1574
346	116	258
10	50	1575
707	122	110
1576	16	160
65	50	582
257	2	540
74	94	1577
427	91	441
1578	3	1579
1580	50	65
12	34	1581
12	34	424
1582	11	1583
487	43	1035
143	5	1584
1585	117	858
142	32	956
1088	50	138
19	116	1586
281	68	25
935	75	46
46	2	73
373	50	354
1587	4	53
74	94	1588
1589	47	110
747	38	25
1590	105	1591
49	70	1510
185	3	1592
228	56	412
619	50	1556
666	2	1593
173	2	92
10	50	515
10	50	1594
30	16	1595
173	2	172
104	8	1596
12	34	1271
23	45	451
23	117	451
49	86	1597
1598	50	466
53	32	1599
1600	105	1601
364	4	53
966	14	1602
1568	2	1603
56	58	1604
62	96	1605
302	32	383
1606	30	53
19	116	1607
101	2	530
774	2	4
74	94	1608
660	32	25
215	2	214
731	32	1609
395	42	264
250	2	89
66	3	1610
197	45	661
74	94	1611
385	2	192
45	2	813
49	65	1612
382	32	381
249	8	183
56	58	243
469	74	283
89	2	774
1386	48	3
233	128	1613
30	16	1614
543	50	65
19	116	1615
956	4	53
62	96	1616
12	34	2
123	89	1617
247	48	163
911	4	394
538	2	789
53	4	949
46	2	92
433	50	65
106	2	180
1618	32	53
394	32	506
106	2	66
192	2	435
569	8	1566
1619	48	3
281	40	1620
33	64	664
1621	50	145
881	48	163
755	2	66
881	126	1622
324	2	248
1623	50	65
1624	48	3
651	104	1625
1626	32	183
25	68	1305
1627	90	163
178	45	25
76	2	892
815	104	209
81	111	43
12	34	415
53	4	911
1628	32	693
10	50	1629
1212	48	163
74	94	1630
1631	50	1632
610	88	1633
293	62	1634
213	2	72
10	50	138
1635	69	889
160	89	1636
489	117	23
101	2	1227
405	2	1212
290	117	57
74	94	1637
74	94	1638
548	62	157
1639	33	1118
74	94	1640
1316	48	3
663	50	1641
71	50	785
11	50	785
354	50	1642
1242	8	104
584	21	1643
91	2	114
30	16	1644
871	26	1645
897	117	950
805	126	1312
137	50	1646
729	30	302
88	2	271
231	9	789
1187	14	1140
1647	42	12
1035	48	1648
1079	85	1532
231	9	76
851	50	146
1649	33	561
96	2	1650
1651	42	8
0	88	1652
1181	11	1653
419	2	1654
821	2	361
1655	2	306
1656	48	3
32	9	126
65	50	319
47	91	1066
233	128	995
53	32	658
664	96	1657
1029	21	436
74	94	1658
197	45	472
247	85	1439
1659	2	1538
3	130	1660
1661	43	1662
1452	2	77
123	89	586
419	2	882
32	9	1654
1663	64	62
1664	43	1665
1666	4	459
467	76	209
1667	102	1668
0	88	1669
62	96	1055
662	50	64
385	2	215
426	91	183
174	26	1670
23	117	267
354	50	1671
1672	58	56
1673	91	47
338	33	1674
160	89	1675
357	43	245
1077	17	1045
1676	50	65
180	64	62
12	34	597
109	32	108
413	3	787
19	116	530
12	8	1677
163	15	405
279	1	1678
1679	3	1680
1681	48	3
391	42	8
110	121	1682
48	19	0
1683	126	951
1364	2	89
101	2	405
342	135	9
197	45	314
25	45	780
89	2	158
1684	50	138
1084	32	1448
1068	0	1685
104	8	1686
56	58	1687
197	19	1513
1688	68	23
448	48	3
633	50	65
17	48	3
36	21	1689
1347	35	349
1059	79	1690
12	34	517
1427	2	1568
465	139	1691
226	117	227
466	50	1598
25	19	1692
900	1	1693
1212	56	1694
1695	85	1696
260	50	851
104	8	1275
74	94	1697
74	94	1698
1699	2	1593
62	96	1700
437	21	436
10	50	70
1305	32	100
81	111	1701
53	32	1702
264	34	1703
583	4	830
722	63	1704
1203	2	33
25	91	23
499	45	800
303	27	1705
1706	8	1707
138	50	804
25	91	1708
30	16	1709
1710	50	65
73	2	46
76	3	1711
12	34	1712
1693	16	900
218	2	1713
1714	17	1194
25	91	1510
1201	48	3
346	2	285
1715	122	1716
542	29	1717
664	96	1718
32	9	1719
1427	42	1720
104	8	1721
610	88	1722
224	32	1723
1203	2	445
183	91	1724
240	2	540
74	94	1725
304	91	1726
12	34	1727
1316	42	12
25	19	1210
1397	23	231
1728	0	69
65	50	212
1014	127	391
76	2	551
292	62	548
1182	1	69
760	64	664
1425	45	381
439	32	1061
255	42	12
74	94	1729
849	2	306
215	42	1411
1136	70	25
1538	2	179
1730	48	3
466	50	662
557	50	71
271	3	1186
1267	58	1266
998	4	53
768	2	96
89	2	5
1171	79	1731
65	50	1732
1452	56	219
260	50	466
881	2	101
1023	50	71
32	9	14
463	48	3
4	2	76
56	58	983
394	4	153
382	68	381
74	94	1733
53	32	1734
1000	24	504
49	86	1735
1201	3	1661
1060	91	183
5	2	76
79	2	248
53	32	1736
19	116	1737
701	3	637
12	34	1738
1739	67	1740
1711	43	76
1741	68	25
435	2	215
25	45	677
333	32	25
792	48	1742
422	4	1743
91	2	76
856	103	391
851	50	65
1744	64	233
160	89	1745
231	9	114
12	34	905
89	126	1746
25	45	955
49	86	1747
30	16	1748
193	50	1598
129	58	368
312	91	575
1749	129	1750
74	94	1751
183	91	427
1752	50	65
1753	105	1754
482	2	849
1755	8	104
606	88	1756
627	88	865
302	38	1757
74	94	1758
1420	2	361
251	32	142
1061	94	1759
92	85	1760
153	32	53
140	2	14
1761	45	747
285	48	1742
1691	96	1762
23	117	340
142	79	1763
150	117	25
1764	58	56
271	2	158
160	89	1765
575	91	427
285	126	1766
25	68	434
558	50	37
158	56	1767
160	89	1768
588	91	312
30	16	1769
302	45	1770
15	2	14
158	56	1771
1079	126	1772
106	2	763
1773	42	650
74	94	1774
70	50	408
143	5	1775
1776	42	12
1171	79	1777
365	50	65
611	50	1778
1779	42	12
8	42	1780
784	50	408
548	4	53
1770	32	302
489	32	23
349	2	348
74	94	1781
428	78	1782
610	88	1783
640	69	1784
260	50	146
25	117	314
56	58	377
740	21	437
1736	30	53
23	32	300
1785	30	1513
419	3	1786
65	50	466
1005	45	381
693	4	520
101	8	1375
127	2	847
158	28	1492
664	96	1787
12	34	1788
1282	58	129
1789	50	65
1790	50	145
134	85	1791
931	43	632
1046	5	1045
57	91	1179
338	33	1792
435	126	1793
23	68	381
53	4	394
1794	50	211
383	4	302
101	2	79
1203	48	235
165	25	1722
46	2	27
1538	2	1659
547	4	53
142	79	1795
1796	58	56
1346	79	1797
12	34	1798
32	9	1799
56	58	1800
1145	58	56
1801	58	56
1134	68	25
1196	128	1197
385	56	412
25	45	310
165	88	1802
53	4	1803
74	94	1804
1061	94	1805
1727	48	3
246	35	1355
445	2	66
497	8	53
405	3	1806
1807	48	3
655	2	654
651	104	209
737	74	935
76	3	1808
25	68	451
25	117	24
25	45	747
62	96	1809
1810	42	12
500	47	726
0	86	1811
160	89	1812
25	45	862
49	53	1516
81	111	1235
354	50	1367
8	42	1813
47	38	116
479	8	76
12	34	1814
482	3	1301
89	3	1815
1816	16	1817
12	34	1818
828	50	137
1320	74	163
1144	32	53
739	3	1819
1666	4	693
74	94	1820
19	116	782
85	43	101
3	130	1821
104	8	741
354	50	1822
628	48	3
71	50	1823
610	88	1824
627	88	1825
1061	94	550
516	1	1826
892	64	233
23	19	491
91	2	271
694	22	157
74	94	1827
650	34	1114
57	117	226
710	32	23
949	62	157
45	2	27
1828	40	1829
91	116	46
900	1	1830
1831	43	1679
1832	11	6
422	54	1833
19	116	17
470	67	1834
1661	74	1201
0	88	1835
1836	43	92
230	104	209
193	50	65
10	50	1837
62	96	1838
225	48	3
12	34	1252
794	129	1839
53	32	387
56	58	1503
11	50	746
36	21	1840
32	9	76
1841	0	69
1579	43	1578
747	38	23
25	68	1016
969	43	968
12	34	1842
142	32	109
856	21	1843
1221	91	426
57	117	1180
53	32	1844
1845	129	1846
281	38	197
354	50	809
1847	3	1186
1784	69	889
1848	103	391
1266	58	1849
1432	42	12
841	2	106
12	34	1533
615	38	183
1790	50	211
32	9	538
25	45	867
1141	32	53
1850	35	674
62	96	1851
542	29	1852
1828	4	53
428	31	947
299	2	334
272	116	127
849	48	3
312	68	47
53	32	1573
1510	91	25
1681	3	1853
898	28	1854
441	91	183
1855	8	57
654	126	1856
27	116	250
53	32	1004
1857	103	391
1037	91	183
12	34	839
341	2	1858
302	4	729
12	34	510
1859	21	36
1860	21	36
1861	42	12
272	2	127
554	50	71
324	2	445
120	0	119
30	16	1862
23	68	854
173	2	250
33	2	1438
220	93	1863
674	2	1079
1379	8	149
53	32	459
25	91	254
1864	32	183
258	2	257
376	68	25
25	68	1354
789	3	1865
354	50	1632
1739	71	1866
62	96	1867
228	2	113
110	31	1589
214	64	62
247	2	1079
1574	74	1868
871	3	1869
1870	43	413
1871	50	211
1872	135	473
1873	11	7
8	42	1874
25	38	48
1322	35	1024
19	116	849
104	8	1875
1269	117	23
354	50	1876
584	21	36
158	28	479
113	64	62
1061	38	23
1877	62	157
1878	74	69
1879	109	1053
1354	40	1210
74	94	1880
30	16	687
106	64	664
189	32	53
158	2	46
23	45	677
233	128	1796
74	94	1349
1881	58	129
1882	2	337
96	75	19
428	27	1883
798	8	374
57	91	950
104	8	1884
1885	42	264
354	50	1886
32	9	228
137	50	557
53	32	1161
172	64	233
30	16	1887
670	105	1888
62	96	1889
286	50	1444
341	2	79
739	3	1878
302	32	1890
74	94	1891
294	58	56
281	19	834
576	3	1892
53	4	1893
1620	93	550
25	68	47
23	68	1894
1052	50	65
207	48	1132
521	74	337
978	58	56
1223	50	211
392	43	257
30	16	1895
19	116	1896
1897	50	211
74	94	1898
1899	76	209
1900	74	1439
482	2	882
1669	53	1392
1901	48	3
1902	4	53
110	34	815
568	42	342
36	21	856
3	130	1903
1904	42	8
109	32	53
27	2	774
1905	42	12
1462	42	12
1079	2	474
158	2	774
346	116	127
231	9	121
760	56	1366
1906	58	56
1907	52	111
47	91	614
45	64	233
739	3	1908
248	2	186
428	27	1909
92	2	76
393	21	1910
1027	58	56
56	58	1590
794	129	1911
49	53	1912
1305	4	499
532	64	233
12	34	1913
65	50	1914
818	3	1234
383	40	1915
1916	126	1412
150	68	25
53	32	952
1659	56	631
1218	4	135
37	50	65
53	4	1917
1918	4	53
264	34	1899
19	116	1919
74	94	1920
19	28	1921
57	68	304
1922	35	1420
32	9	755
1122	0	279
1198	48	3
491	69	1923
443	4	302
142	4	83
1870	16	1924
1003	4	1004
56	58	1011
1688	91	23
185	2	1035
583	32	777
645	23	32
215	56	412
726	34	1703
71	50	1794
1925	58	56
211	50	1926
441	91	574
12	34	1470
157	62	1235
88	126	1430
74	94	1927
664	96	1928
1057	32	273
1066	91	589
302	79	1929
1581	42	12
1930	11	1931
199	64	233
1056	135	41
74	94	1932
1933	33	29
722	24	1934
539	2	272
32	9	455
158	2	1744
1689	42	1935
183	91	623
53	32	992
1936	42	12
162	32	142
53	40	1937
584	21	1938
233	128	1011
46	2	114
1277	91	427
162	4	142
272	2	258
258	2	539
723	16	69
395	104	209
245	3	1186
413	3	1939
1213	30	57
248	126	1940
30	16	1941
819	50	145
231	9	192
35	78	391
87	2	399
1590	58	56
235	130	1942
385	2	337
166	18	1943
1944	100	566
1945	48	3
53	32	1946
76	3	1947
74	94	1948
137	50	145
750	32	422
836	16	516
1949	32	302
1373	91	23
183	91	1950
47	91	1673
1951	50	65
53	32	1952
25	117	802
1953	117	183
12	34	1954
428	78	1955
45	2	774
319	50	804
127	2	346
49	86	1956
1438	2	33
354	50	1957
142	68	51
23	45	1688
1266	58	1392
489	19	1513
1241	62	1702
74	94	1958
74	94	1959
1164	32	53
658	32	1084
979	117	304
25	45	333
19	116	1960
65	50	1961
624	4	302
1227	126	1962
257	2	380
1963	70	150
1964	35	78
23	91	227
137	50	700
1965	91	1060
1504	5	544
183	79	1966
699	105	1967
302	68	800
1968	42	12
1487	105	676
618	45	23
10	50	1969
215	42	1465
610	88	1970
1971	5	1045
590	4	53
74	94	1972
774	2	813
30	16	1973
1157	34	110
1666	32	157
826	5	279
5	2	91
1974	3	1975
1688	8	25
160	89	1976
947	122	428
1830	17	900
160	89	1977
1978	0	297
479	8	478
1979	28	1980
25	117	955
250	2	299
30	16	1981
1035	3	487
744	50	65
260	50	1249
49	53	1982
1202	100	566
361	2	306
30	16	1983
65	50	1886
53	32	1828
1984	111	44
74	94	907
1985	0	516
352	4	53
104	8	1986
1987	32	53
354	50	784
603	5	604
102	126	1988
1136	65	1090
1794	50	138
599	117	23
286	50	466
43	111	44
693	4	1057
12	34	1989
32	9	821
56	58	1912
23	45	309
1623	50	278
74	94	1990
345	50	65
314	68	25
310	19	600
332	42	12
411	52	909
516	1	1985
1685	5	1068
122	35	121
1991	16	1817
166	18	1992
1993	71	1994
12	34	1995
8	135	1996
1203	56	1997
1004	4	53
69	1	810
157	40	1998
53	32	44
1150	2	1420
71	50	460
33	56	1015
1358	16	516
142	32	942
1999	79	1763
588	38	426
91	56	835
1172	4	149
794	129	2000
232	85	1194
347	117	183
578	1	2001
2002	4	53
1620	93	2003
444	2	106
391	3	1014
158	2	2004
455	2	2005
2006	50	71
26	2	91
302	32	690
2007	90	2008
893	30	25
67	126	1312
85	42	926
722	8	954
142	79	2009
25	45	227
2010	35	1683
1726	91	2011
56	58	201
25	68	1442
25	68	314
137	50	138
160	89	1296
1836	43	245
1656	85	2012
1441	3	1440
2013	35	126
233	119	1265
2014	48	3
10	50	1710
46	2	106
2015	42	264
19	28	701
125	56	703
383	4	2016
2017	50	65
32	9	591
153	62	548
1294	32	53
23	117	190
49	70	527
1095	32	833
675	58	56
163	130	1193
53	32	2018
662	50	559
336	2	1538
1010	68	23
820	48	2019
12	34	2020
663	50	454
1875	8	104
500	118	396
36	21	2021
30	16	2022
847	2	240
248	2	79
56	58	1228
56	58	1849
296	17	871
409	48	3
627	88	916
47	38	979
101	2	1079
197	45	2023
32	9	172
53	32	2024
297	1	401
56	58	55
3	130	2025
851	50	211
2026	4	302
74	94	2027
2028	52	1791
444	48	235
12	34	1810
979	91	1066
2029	14	2030
901	0	900
624	4	23
36	21	2031
381	68	23
2032	43	818
1872	104	468
2033	126	2034
650	34	2035
1079	2	405
362	2	768
693	4	1666
192	2	228
2036	2	17
1655	2	361
65	50	2037
2038	0	2039
53	4	960
235	34	712
1654	3	2040
53	32	1236
1057	32	729
451	19	2041
576	3	208
821	2	1150
273	4	1057
65	50	1009
12	34	967
74	32	53
694	22	2042
419	64	664
74	94	2043
2021	103	391
251	4	142
2044	50	559
12	34	2045
1673	68	47
53	32	2046
575	91	1066
53	32	273
1212	2	1683
645	32	2047
1146	42	12
2048	74	228
354	50	2049
894	4	53
25	68	281
2050	26	2051
82	32	53
53	32	394
3	130	2052
45	56	1551
88	64	233
12	34	213
1265	58	56
2053	58	56
512	27	2054
143	5	1394
25	45	471
227	32	25
849	3	2055
750	4	422
32	9	2056
967	48	3
74	94	524
1140	27	2057
49	86	2058
1084	4	1448
62	96	2028
12	34	118
1420	42	12
2059	0	622
194	68	25
942	4	53
142	32	2060
454	50	408
62	96	2061
23	45	747
19	116	2062
250	2	813
1119	58	129
160	89	2063
71	50	827
441	91	588
302	40	653
2064	42	12
694	22	693
47	38	183
1150	2	361
664	96	2065
104	8	2066
36	21	99
10	50	1732
227	117	25
183	91	876
1618	40	542
5	2	158
302	32	2026
91	2	173
57	117	1172
76	2	1713
104	8	541
1493	71	7
30	16	2067
584	21	2068
1519	48	3
10	50	466
2069	17	391
4	2	27
74	94	2070
805	64	664
354	50	2071
1564	70	1510
789	3	2072
0	88	2073
354	50	2074
245	3	1190
2075	87	2076
821	48	2019
193	50	746
1539	2	1538
361	2	532
125	2	250
74	94	2077
1620	93	1349
12	34	799
1153	139	2078
57	117	328
1233	50	559
32	9	248
470	3	2079
698	50	408
871	82	174
1840	63	1544
46	56	703
8	42	2080
2038	95	56
542	29	2081
1666	32	693
2082	33	1118
121	48	163
693	4	750
474	2	674
1479	8	302
42	85	2083
74	94	2084
341	2	674
110	121	2085
145	50	1088
1803	32	53
8	42	1056
750	32	1448
542	29	1631
23	45	518
2086	17	174
1088	50	65
871	82	2087
53	32	2088
25	45	489
2089	4	53
65	50	1629
1400	40	2090
74	94	2091
500	104	468
1393	114	450
1400	40	1565
74	94	2092
853	101	1160
10	50	481
0	88	2093
1659	2	228
1459	32	302
126	2	4
10	50	1023
53	32	673
12	34	17
1346	32	1219
528	38	183
49	86	2094
428	78	2095
1718	52	371
192	42	2096
291	91	290
2097	129	2098
491	69	917
12	34	1189
12	34	2099
74	94	2100
302	32	443
1689	78	2101
33	2	419
156	8	1112
104	8	2102
3	130	2103
0	86	2104
1844	4	53
1096	64	664
74	94	2105
2106	42	12
2107	32	53
165	25	937
3	130	2108
158	64	233
1078	58	56
25	117	854
2109	16	2110
30	16	2111
265	58	129
74	94	2112
211	50	804
211	50	65
1420	3	2113
53	32	154
142	32	911
12	34	2114
306	3	1177
747	45	854
460	50	65
2115	28	859
74	94	2116
903	42	264
137	50	408
1917	4	53
104	8	2117
1367	50	211
924	18	2118
722	21	1716
691	21	2119
226	45	335
1676	50	71
7	11	1482
32	9	486
149	8	1379
2120	50	138
30	16	2121
74	94	2122
640	69	2123
1545	32	53
349	2	17
74	94	2124
782	3	1471
65	50	496
1294	4	53
74	94	2125
591	2	315
1112	8	2119
74	94	2126
1014	42	568
2127	47	391
2128	26	2129
354	50	543
2130	3	754
19	116	2131
2132	48	3
185	3	2133
2134	54	636
451	40	2135
10	50	2136
165	88	2137
756	2	14
1231	3	2138
231	9	4
844	42	8
64	50	260
1620	93	1446
53	4	459
1707	8	302
12	34	2139
139	2	882
2140	0	69
342	137	535
2141	40	834
401	3	1490
163	130	1942
1857	21	512
160	89	2142
23	117	1688
2143	33	29
302	68	451
1288	16	69
2083	3	564
12	34	2144
898	28	484
420	2	1203
53	32	1400
110	42	2145
1923	69	640
978	6	1032
409	42	12
419	2	33
62	96	2146
2147	104	209
2148	2	250
309	38	23
806	35	686
1796	105	1888
2149	8	104
1000	63	1544
2150	42	8
664	96	2151
342	137	41
74	94	2152
629	43	445
142	45	747
2153	45	25
286	50	804
650	34	2154
319	50	145
25	32	57
2086	16	174
789	2	538
1864	38	183
747	68	25
114	2	337
62	96	2155
1124	17	391
286	50	1794
25	91	381
25	19	1513
2156	50	65
707	74	19
1855	117	57
428	78	2157
74	94	2158
1549	28	2159
2119	21	437
1865	43	101
1230	105	676
1285	38	197
46	64	62
27	56	835
789	2	101
66	2	1203
2160	48	1132
760	2	756
19	116	306
1061	68	439
2161	48	1132
750	4	693
32	9	5
2162	8	104
750	4	1176
2163	50	65
235	130	2164
650	34	2147
62	96	2165
76	2	250
57	117	1855
689	17	516
1702	62	1241
74	94	2166
1024	56	1366
466	50	260
158	2	126
150	117	862
215	3	2167
143	5	2168
542	29	37
74	94	2169
669	38	23
457	3	246
62	96	2170
870	16	871
53	4	135
774	64	233
53	32	976
585	21	155
2171	32	53
3	130	2172
264	42	2173
911	4	1128
563	71	1583
81	111	2174
2005	3	783
231	9	247
8	42	1651
2175	43	482
1871	50	65
49	86	2176
100	8	25
193	50	286
2177	2	192
71	50	1154
12	34	1178
188	48	163
710	68	23
420	3	2178
25	32	328
104	8	2179
49	53	55
55	58	1503
1659	56	2180
354	50	2181
1079	2	79
33	56	1366
2182	85	2183
26	2	173
2102	8	104
89	2	92
361	2	73
627	88	1756
674	2	101
722	24	2184
2185	42	8
754	90	2186
142	32	673
952	32	53
2187	4	2188
499	68	451
823	32	623
731	32	2189
183	91	588
426	91	1277
104	8	2190
618	117	25
1003	4	1176
1490	43	271
802	68	25
892	3	2191
49	86	2192
2193	4	2194
574	91	1066
382	32	100
12	34	537
30	16	2195
250	3	1879
717	4	2196
520	4	157
74	94	2197
1152	4	53
264	42	903
2198	42	12
1538	2	1882
354	50	2199
2200	32	53
104	8	1242
185	2	1334
26	2	199
1186	104	209
893	8	25
856	34	857
62	96	2201
25	45	1016
2202	114	257
96	2	768
2203	48	3
445	2	67
731	68	2204
62	96	2205
1593	2	2206
32	9	1461
1581	48	3
104	8	1031
215	126	63
32	9	106
953	0	2207
658	4	53
62	96	2208
883	116	17
911	32	394
68	3	2209
824	43	341
2210	12	2211
110	1	815
858	28	397
27	56	2180
163	130	1560
25	45	599
45	56	2180
1516	58	56
49	70	2212
1999	79	2213
23	68	1010
2083	1	739
461	4	53
2214	50	65
110	63	2215
516	1	689
651	42	650
23	117	25
739	1	2216
101	2	1342
1510	32	100
109	32	135
973	48	1132
1080	42	12
21	48	3
25	45	382
150	91	23
199	2	92
756	64	664
1274	74	76
482	2	361
509	42	12
260	50	1088
2217	134	1691
235	130	2218
74	94	2219
74	94	2220
158	2	27
1654	3	2221
1609	32	731
1555	4	53
2222	43	27
30	16	2223
1261	48	3
841	2	1452
81	111	548
53	4	998
548	4	394
428	78	2224
2225	50	65
2139	48	3
74	94	2226
1051	32	142
2088	4	1449
387	4	394
79	2	405
25	68	267
12	34	849
918	8	104
12	34	1647
91	2	4
3	130	2227
3	130	2228
302	32	2229
166	18	2230
553	1	2231
104	8	2232
460	50	559
2233	114	66
1090	3	2234
2235	4	142
65	50	71
416	109	1746
337	2	76
1180	117	2236
65	50	851
627	88	2237
23	45	25
47	38	2238
2239	8	798
25	68	1688
420	48	235
2240	0	279
1402	68	23
25	91	527
192	2	450
387	4	53
12	34	1562
1659	2	2241
125	2	173
278	50	138
19	116	2242
53	4	461
2243	8	104
19	116	2244
506	4	135
1538	2	315
1092	59	2245
137	50	1871
633	50	137
354	50	2246
981	16	69
158	116	46
419	3	1207
89	116	46
2247	33	29
1061	94	2043
158	56	703
160	89	2248
283	42	2249
32	9	334
341	2	789
12	34	1135
354	50	2250
1289	48	3
8	42	552
2251	21	584
1609	4	731
110	31	2252
740	8	1112
420	56	1366
2253	8	1026
158	8	479
302	68	2254
74	94	2255
370	47	371
188	3	2256
10	50	2257
172	3	204
197	19	2258
1562	48	3
1689	21	36
30	16	2259
32	9	881
23	117	381
14	64	664
2260	74	17
354	50	2261
192	56	412
12	8	1679
10	50	850
459	32	53
76	2	450
25	68	23
127	56	1113
25	68	24
472	68	471
101	48	163
257	126	829
110	20	2262
114	2	192
302	38	2263
2264	50	260
2265	48	1132
750	32	693
911	30	394
302	68	747
78	48	3
650	42	1186
220	93	2266
32	9	886
215	2	337
658	94	2267
428	27	2268
74	94	2269
2270	65	516
589	91	441
1461	126	1091
19	116	2271
49	70	802
802	8	25
794	129	2272
53	4	956
2273	26	2038
2274	1	871
227	68	226
611	50	2275
456	116	19
25	117	1305
1467	91	25
81	111	53
165	25	2210
25	45	254
1545	4	53
114	2	336
12	34	2276
199	2	91
2277	64	233
56	58	129
158	56	200
156	21	2278
512	27	2279
2047	79	645
491	69	2123
32	9	1227
740	21	155
1154	50	211
36	21	512
1044	50	559
928	8	104
49	70	25
1598	50	211
2280	30	53
1201	64	233
474	2	324
17	3	1222
1364	64	233
2281	14	1665
23	91	451
350	42	12
8	135	477
1659	126	1053
15	64	664
30	16	2282
1356	43	185
65	50	2283
1196	128	1011
71	50	850
172	2	46
32	9	1901
23	45	599
104	8	2284
166	18	2285
220	93	2286
2287	52	321
1905	48	3
2288	32	25
467	118	396
428	27	2289
69	3	1908
163	130	2290
1035	2	1334
10	50	939
820	2	46
188	17	2291
10	50	2292
247	2	61
166	18	2293
25	91	1016
74	94	2294
2295	4	53
68	16	2296
357	43	1026
2297	48	3
704	4	53
763	2	76
1961	50	65
903	100	566
19	116	2298
23	68	489
2299	43	125
2300	38	183
56	58	604
249	38	183
840	8	242
120	17	516
10	50	543
990	8	25
909	67	2273
62	96	2301
619	50	2302
74	94	2303
32	9	271
1358	17	516
1010	117	25
432	48	3
427	91	1221
56	58	2304
341	2	232
23	91	1373
74	94	2305
2306	35	849
2024	4	53
32	9	369
862	19	1513
1538	2	180
74	94	2307
1793	52	1760
1148	50	559
354	50	915
294	14	1140
25	45	1354
1865	43	789
1365	21	512
160	89	2308
1350	33	95
2309	104	209
104	8	2310
10	50	454
8	135	2311
2312	2	46
1896	85	391
610	88	1802
361	2	849
92	3	2191
12	34	2313
352	32	53
12	34	2314
192	2	385
53	32	2315
286	50	211
539	2	285
2316	116	19
25	19	2317
110	121	2318
250	2	774
197	45	2319
2320	50	211
1367	50	785
8	42	1872
321	71	268
30	16	2321
2322	49	163
2323	30	1513
286	50	1223
163	130	1962
100	19	2324
1978	16	297
17	3	2325
961	126	2326
224	8	25
512	27	2327
109	32	142
49	70	867
110	34	2328
25	117	1297
521	139	62
739	1	2329
163	130	1988
2330	103	391
56	58	2331
2064	48	3
257	2	127
328	91	57
174	1	191
65	50	64
625	23	231
104	8	958
1828	4	2332
0	88	2270
32	9	91
25	68	747
859	91	58
1203	3	1202
500	42	568
248	2	369
188	2	79
193	50	1732
1221	38	427
756	48	235
134	2	215
74	94	2333
74	94	2334
228	64	62
1035	28	19
2335	48	3
53	32	316
306	3	2336
2337	42	552
969	43	27
2263	32	302
228	2	315
98	32	53
143	5	2338
859	91	950
2049	50	65
615	91	1066
74	94	2339
2088	4	53
897	117	1172
123	89	2340
53	32	2341
312	91	427
1691	96	2342
294	31	2343
25	68	309
83	4	142
2055	90	2008
362	2	2344
250	2	27
1952	4	53
33	2	1799
438	48	3
2345	21	36
1573	32	53
62	96	2346
2337	42	8
145	50	137
1176	4	53
166	18	2347
30	16	2348
166	18	2349
150	45	23
1205	139	233
12	34	2203
125	2	91
1916	48	163
405	2	79
12	34	1656
10	50	2350
183	91	426
1850	43	674
12	34	2351
113	126	2352
674	2	789
1489	16	68
51	32	25
158	3	2353
23	68	2354
23	19	2355
656	47	375
51	117	25
2329	16	739
1893	8	53
658	30	53
25	117	254
2356	105	676
46	2	766
2026	32	302
845	135	41
2357	42	8
768	48	3
422	32	53
1020	85	2358
302	38	328
1176	4	750
1598	50	1052
413	3	1579
235	130	2359
65	50	1951
428	78	2360
101	2	2361
2300	117	183
10	50	827
1945	42	12
332	48	3
1613	58	56
2362	4	53
1027	105	2363
886	116	19
30	16	2364
74	94	2365
1000	20	391
33	2	635
731	38	1757
1247	33	29
368	58	129
233	128	978
669	68	25
2366	8	104
738	16	739
27	2	89
96	3	2367
419	2	805
16	48	3
548	62	153
81	111	1400
1659	64	62
231	9	1212
12	34	2368
205	3	204
160	89	550
2369	4	53
66	48	235
1066	91	575
3	130	2370
969	43	782
1307	42	12
640	69	1635
129	58	1881
1219	79	1797
10	50	662
163	130	2326
94	5	2371
123	89	1040
858	117	556
27	2	26
482	64	233
104	8	28
1778	50	65
2372	8	104
12	34	1945
1772	52	1532
27	2	551
2373	71	2374
2375	48	3
137	50	1007
627	88	2376
57	117	23
142	4	227
2377	16	2281
1757	32	302
2378	129	601
11	50	137
12	34	2132
74	94	2379
624	40	2380
451	68	25
2381	42	500
250	2	820
76	8	2382
500	43	726
722	24	2383
53	4	98
921	79	2384
658	68	23
27	3	2222
25	45	1510
106	2	444
2385	16	69
800	117	23
1191	42	12
23	45	340
25	117	227
104	8	2386
362	2	482
2387	71	2388
30	16	2389
521	113	337
74	94	2390
1539	126	2391
2392	5	1068
2393	50	65
48	68	47
615	117	183
2201	52	111
1427	64	977
819	50	211
129	58	294
2394	109	2395
30	16	2396
226	68	23
2397	8	104
2097	129	601
12	34	2398
1840	140	2399
65	50	1249
2056	48	1648
901	71	2400
1191	48	3
319	50	137
12	34	367
215	56	835
232	2	101
19	116	1695
882	2	482
2196	4	718
17	3	2401
65	50	2402
104	8	2403
1255	32	142
1024	126	1053
385	2	134
23	38	100
1724	38	183
23	19	653
789	2	674
568	42	2337
1679	3	2404
1732	50	71
2405	0	69
1960	64	233
2406	35	1036
1180	117	57
911	62	548
260	50	772
881	2	341
856	21	2330
0	88	937
2407	16	297
74	94	2408
156	21	437
163	34	1310
165	88	1506
436	21	691
62	96	2409
364	32	53
1215	38	183
588	91	574
501	2	42
354	50	2410
858	117	1180
495	85	2411
1136	70	23
856	34	1093
694	22	2412
548	62	154
564	114	538
520	4	693
81	111	44
110	46	2413
143	5	283
914	48	3
482	2	501
246	43	622
28	8	104
354	50	2044
2020	48	3
1277	91	426
2115	28	57
389	67	516
1631	50	354
813	2	250
658	94	586
624	40	2414
405	56	1694
1826	16	516
104	8	2415
53	4	82
23	45	381
62	128	2416
2417	48	235
614	91	1066
1219	79	1795
2005	48	1132
385	2	228
215	56	2418
737	43	76
301	4	1449
215	2	134
1065	4	53
324	2	674
782	75	19
610	88	2419
512	27	2420
1024	2	445
2421	11	2422
166	18	2423
893	19	600
2424	16	1613
1141	32	583
65	50	915
142	68	434
155	21	1029
1411	74	215
1150	64	233
53	32	2362
1404	35	501
19	116	2425
794	129	2426
33	56	2427
142	79	166
977	128	1197
113	2	179
264	42	2428
1935	43	1689
226	45	1332
65	50	2429
482	3	2430
747	45	194
26	2	271
1519	42	12
65	50	772
104	8	2431
354	50	2432
1154	50	785
747	19	803
125	2	732
250	126	2433
395	74	19
407	50	71
1203	2	756
990	30	25
104	8	2434
53	4	74
12	34	2435
142	45	2436
10	50	137
197	19	252
197	45	194
722	24	374
354	50	2437
299	2	432
426	91	312
1913	48	3
46	2	551
297	1	2407
2136	50	138
23	117	52
1953	4	1449
1799	48	235
2438	42	12
3	130	2439
727	50	851
710	117	23
81	111	704
74	94	2440
2271	85	736
30	16	2441
14	3	490
74	94	2442
459	30	520
12	34	2443
794	129	2444
810	0	69
1066	91	183
324	2	188
512	78	1439
354	50	2445
1708	32	25
1736	4	53
1196	119	1753
285	56	241
10	50	2402
2446	42	8
354	50	698
32	9	789
380	2	76
845	42	844
2447	35	42
968	3	1318
1026	3	357
114	2	1538
74	94	2448
650	34	651
1305	91	25
65	50	1822
2330	21	856
500	42	2381
634	42	568
882	2	420
53	32	1587
2059	1	578
49	53	681
341	3	2449
2450	48	3
8	135	2451
62	96	2452
354	50	2453
709	43	91
2281	58	1266
733	48	3
5	2	45
747	19	834
12	34	2454
1710	50	582
12	34	1289
56	58	2455
1352	50	65
74	94	2248
794	129	2456
32	9	756
27	3	1318
309	68	23
19	116	2457
47	68	1285
125	3	2458
1031	8	104
818	3	783
74	94	2459
32	9	139
569	8	1543
1441	3	2460
354	50	2461
1355	48	3
1158	52	2462
293	62	2463
512	27	2464
8	135	1254
63	52	2465
88	2	158
53	32	2089
1045	3	2406
2177	126	2466
101	2	341
315	2	336
437	21	691
338	33	2467
30	16	2468
2469	43	578
46	56	1281
160	89	2470
1699	126	2471
2472	58	56
2473	71	2474
27	64	233
474	2	1079
91	2	46
260	50	211
627	88	2475
1360	50	211
1449	40	803
12	34	1936
160	89	2476
74	94	2477
354	50	2478
49	65	279
179	2	1538
814	105	2479
2480	109	1091
272	2	257
2481	48	3
1230	58	56
32	9	540
2482	35	405
1916	2	405
302	38	2483
104	8	2149
231	9	299
101	85	111
302	45	304
346	2	257
19	75	2484
1413	40	1565
53	32	1255
62	96	2485
1152	30	53
264	42	395
499	68	227
76	2	215
62	96	2486
512	8	390
25	117	47
1626	38	183
894	4	1803
1212	2	341
74	94	2487
405	126	620
56	58	1266
1066	91	615
5	2	271
1007	50	746
362	2	33
23	45	52
74	94	2488
104	8	2489
1157	42	110
10	50	2490
328	117	304
88	2	76
890	43	686
226	91	434
470	3	2491
32	9	385
53	32	2492
2119	21	691
1427	126	2493
813	56	1997
1420	3	1922
76	2	27
1116	107	1493
47	68	747
2494	71	2495
961	2	369
455	85	1993
66	2	419
900	3	2496
497	4	53
1011	105	2497
2278	21	156
2498	42	12
1318	43	782
220	93	2499
53	4	1004
683	43	196
100	40	2500
2501	14	2502
815	118	2503
1179	8	57
45	2	2241
1201	116	19
500	76	1117
2134	4	53
2504	91	441
8	42	2505
2506	3	431
1654	2	66
1652	29	1631
2507	116	2242
1046	0	1045
19	116	2182
30	16	2508
1558	48	3
858	117	859
722	21	110
2509	50	65
635	56	1366
532	2	2510
68	15	163
2511	48	3
17	2	1681
491	69	889
53	32	1987
2512	79	166
30	16	2513
145	50	138
667	4	801
722	21	2514
74	94	2515
232	48	163
1005	19	653
2516	101	563
833	38	1095
65	50	804
642	68	23
506	32	135
49	53	2517
233	128	1197
74	94	2518
1513	112	2519
405	2	674
156	21	2251
1803	4	53
576	48	3
68	0	1489
804	50	65
1023	50	260
33	2	445
52	117	23
2060	4	142
65	50	2156
450	42	1393
1246	32	25
744	50	71
482	3	2175
74	94	2267
2088	4	421
49	70	2520
635	64	664
2521	11	7
65	50	138
441	91	575
53	4	2174
104	8	720
2505	42	8
1024	2	1203
32	9	882
451	19	1513
30	16	2522
1196	119	1267
1112	8	156
250	2	76
23	19	2523
818	3	410
23	45	669
155	21	740
849	3	2524
56	58	2525
2526	33	29
849	2	482
2527	91	328
19	116	2265
660	45	2319
1513	129	1846
2528	71	1994
163	130	2529
160	89	1640
354	50	1969
137	50	633
104	8	2530
2489	8	104
2136	50	65
442	91	441
2134	32	53
667	32	801
25	45	309
56	58	2053
1995	42	12
618	68	23
204	74	172
2404	74	1679
428	78	2531
435	2	114
139	64	664
437	21	740
2532	17	1299
547	8	53
32	9	188
354	50	2533
405	2	247
933	83	1068
46	2	77
1246	68	25
160	89	2534
2014	64	1196
1764	14	2535
911	4	135
19	116	2536
360	3	359
548	62	911
563	0	2537
1545	30	53
23	68	800
10	50	2410
1004	32	1003
25	68	1246
501	48	1132
11	50	65
368	58	56
45	2	26
61	126	649
56	58	59
150	38	226
65	50	525
23	117	669
53	4	658
834	84	2538
23	32	624
56	58	2539
1509	74	19
143	5	279
25	38	100
226	38	23
74	94	2540
512	27	2541
2011	91	2527
1869	74	871
10	50	212
2407	0	297
19	116	2542
1387	67	279
527	68	25
160	89	2543
635	48	235
382	19	252
2544	8	104
2242	85	2545
257	48	1742
49	86	2546
137	50	146
1971	0	1045
1342	64	233
903	74	19
25	45	802
378	4	53
220	93	1349
46	2	2312
142	79	2547
146	50	138
220	93	2548
2549	71	2550
74	94	2551
36	21	1859
1687	58	56
2510	64	1196
381	117	23
12	34	2064
11	50	145
135	45	25
139	3	629
1340	27	896
2552	4	302
966	105	1094
674	2	341
1224	48	3
32	9	285
2229	32	302
2553	48	3
583	32	830
53	32	1618
197	38	1285
1239	46	2554
89	2	46
62	96	2555
19	116	1260
2556	93	2340
142	38	57
1096	126	2151
466	50	145
500	76	209
25	19	834
481	50	744
177	48	3
489	68	23
1639	42	2489
2557	43	818
228	42	2048
45	56	1069
589	38	421
49	70	2558
1203	56	1366
1665	3	1664
413	3	2559
25	117	527
568	42	500
2560	58	56
104	8	406
197	45	451
10	50	136
199	2	158
53	32	2561
74	94	2562
12	34	2563
2173	42	264
166	18	2564
0	88	2565
729	30	520
47	68	451
662	50	408
114	56	412
157	8	520
62	128	1487
226	117	23
23	68	642
183	4	302
104	8	2566
841	8	380
522	50	71
470	3	2567
842	74	19
655	2	666
1318	43	27
1724	91	183
17	3	2568
900	3	2524
25	45	52
2569	50	37
451	19	653
94	0	2570
17	2	849
140	48	235
211	50	138
300	4	142
588	91	427
273	4	643
2571	48	3
25	40	2572
946	42	12
629	35	445
2283	50	65
114	2	315
14	2	756
25	68	599
49	65	2050
1667	102	2573
81	111	2574
1439	3	1900
516	26	2575
952	4	53
1830	16	900
2320	50	145
96	8	2576
0	88	2577
1712	42	12
104	8	2578
1936	48	3
1202	104	209
2579	35	1681
231	9	248
160	89	2580
334	2	299
36	21	35
2450	126	2581
1563	42	12
340	117	25
435	2	450
1592	43	185
402	109	1537
183	32	347
2099	42	12
30	16	2582
849	3	2007
237	50	71
2583	50	71
1005	45	314
25	19	2584
857	21	856
135	32	506
584	21	437
354	50	1790
53	32	2187
8	42	2357
65	50	1623
1912	105	2585
658	4	1084
990	117	304
104	8	2544
2473	71	2586
2587	112	1142
87	42	12
1989	42	12
380	2	218
852	74	739
100	19	803
74	94	2588
1005	68	25
248	2	341
49	70	747
354	50	2490
650	42	1773
183	91	1953
23	68	2589
208	135	41
818	3	2032
2187	32	53
104	8	2590
145	50	2320
517	42	12
23	32	100
8	104	2591
354	50	819
91	2	774
981	0	69
33	8	2592
983	105	60
7	11	2521
119	1	2593
2594	52	391
747	45	451
25	45	1332
418	3	683
722	8	104
1153	35	324
640	69	889
512	8	798
747	91	47
2595	4	53
102	2	101
686	2	306
12	34	2481
388	17	516
354	50	2292
436	21	519
66	2	33
53	32	930
2539	58	56
512	63	1544
142	45	451
1235	62	157
1631	50	37
12	34	2596
1498	74	1201
65	50	2225
8	135	2597
98	32	142
6	11	1832
0	88	2598
782	48	3
931	47	632
227	117	226
414	43	935
165	88	2599
143	5	1045
662	50	65
250	2	26
3	130	2600
911	30	53
2601	105	1967
126	2	26
1136	65	2128
766	2	46
1186	76	209
2106	48	3
32	9	180
1221	91	47
1150	2	686
32	9	336
25	45	376
285	2	847
627	88	1453
1322	109	1053
197	45	2602
1311	50	137
89	2	813
56	58	1027
427	91	1277
81	111	2187
76	2	173
750	4	1448
250	2	173
2603	109	239
145	50	1223
285	2	540
354	50	2569
53	32	157
154	4	53
2604	48	3
2605	50	65
26	3	2606
10	50	851
2607	91	441
1305	117	382
12	34	2608
74	94	2609
53	32	1235
435	2	76
432	56	2610
354	50	2611
787	16	840
94	0	2612
2276	42	12
74	94	2613
2231	5	553
2216	0	739
17	42	12
53	32	2614
1277	38	426
0	88	2615
233	128	1516
673	4	394
297	1	2616
2033	48	163
2300	91	183
150	68	23
250	116	46
142	79	2213
2617	8	104
1004	4	1003
25	117	434
142	4	677
74	94	2618
192	56	835
71	50	1752
1010	117	23
354	50	2509
74	94	2619
1589	42	264
1573	4	53
53	32	693
354	50	1223
849	2	185
1974	3	1301
1000	21	36
81	111	2620
312	91	426
567	107	1493
2417	64	664
754	43	2130
27	2	199
1000	8	856
1882	64	62
53	4	1618
434	117	25
62	96	2621
482	48	3
104	8	2622
637	43	2623
371	1	370
1315	21	36
2368	42	12
664	96	1091
2624	4	302
789	2	121
422	32	750
2625	79	645
540	126	848
143	5	2626
610	88	2137
569	8	2627
635	2	106
1058	4	1171
935	34	2628
672	43	245
1180	117	58
2629	17	119
74	94	2630
310	91	25
81	111	458
460	50	354
491	86	2631
747	45	281
289	58	56
106	2	2632
231	9	362
349	48	235
121	2	341
260	50	1646
321	5	144
471	91	472
2633	5	279
703	134	233
226	117	527
2473	67	900
12	34	1535
65	50	1991
114	2	229
30	16	2634
142	45	893
8	135	41
53	32	1144
192	64	62
91	2	45
1373	32	23
2424	0	1613
49	86	2635
183	91	1626
65	50	573
1024	2	2241
224	38	1723
1102	21	36
46	2	91
980	50	559
744	50	481
12	34	2636
23	45	1269
104	8	2637
1172	117	57
10	50	319
1203	2	419
12	34	2375
1693	17	900
74	94	2638
47	68	800
378	4	1803
8	42	2337
354	50	1233
819	50	2639
2640	17	1194
2331	58	56
354	50	408
199	116	27
538	2	299
376	117	25
516	1	836
25	45	1269
1885	8	104
32	9	2033
1471	43	782
1386	42	12
522	50	211
0	88	2137
247	2	961
23	68	52
68	0	343
62	96	2641
8	135	2642
25	91	800
27	56	631
56	58	2281
14	2	419
229	2	228
588	91	183
2643	48	3
302	8	101
1411	139	62
74	94	2644
186	2	248
53	4	2002
337	2	106
127	56	241
629	90	235
247	2	474
782	3	969
2645	8	104
53	32	98
142	4	53
1963	70	23
315	2	591
1082	95	1011
32	9	760
56	58	2472
65	50	2214
12	34	2646
1203	2	1024
26	64	233
25	38	2647
422	4	23
235	130	1216
1857	20	391
0	88	1756
2336	43	306
183	32	1864
518	91	25
104	8	2648
756	2	1654
178	91	25
2649	42	12
1237	21	36
303	2	78
1620	93	2650
146	50	65
554	50	260
163	34	1397
264	42	842
2651	116	19
537	42	12
2629	67	516
526	94	778
2341	4	53
570	63	1544
419	48	235
227	68	382
961	48	163
96	2	213
215	42	2652
142	32	548
74	94	2653
117	32	53
846	48	3
104	8	313
820	64	1196
110	121	2654
2537	5	563
89	2	88
53	4	44
98	32	135
27	126	1053
2655	40	1210
1950	38	183
1683	3	2010
104	8	95
104	8	2617
998	32	53
1411	114	215
2452	52	196
32	9	1882
2656	8	104
174	1	202
851	50	145
2115	4	859
62	96	2657
1871	50	260
1299	0	2532
2658	133	110
2659	67	279
548	4	2341
1673	8	47
62	96	2660
0	88	2661
882	3	2662
76	2	2632
65	50	2663
2664	50	65
46	2	2075
1654	2	756
30	16	2665
12	34	644
1544	92	209
1079	2	247
539	2	792
228	2	385
62	96	2666
25	91	194
3	130	2667
233	119	978
49	53	995
2668	8	104
71	50	2006
354	50	345
163	130	1412
113	2	192
25	68	802
1212	3	1121
62	96	2669
306	2	686
32	9	1539
25	68	340
1203	2	106
2670	8	104
1627	109	2671
556	117	57
451	45	23
354	50	2672
354	50	2673
65	50	522
76	116	46
637	43	701
512	27	1516
32	9	315
36	21	2674
1293	48	3
2675	50	65
30	16	2676
2677	28	2678
2679	42	12
548	32	135
27	2	126
685	4	1383
1570	3	1819
2494	71	2680
104	8	2668
12	34	1776
1278	58	56
551	2	813
49	86	2681
47	91	25
337	2	591
101	2	248
260	50	2264
36	21	1910
165	25	312
2682	62	293
664	96	2683
1148	50	2611
1479	4	302
1272	32	590
859	117	897
158	56	2684
163	130	1940
104	8	2656
25	91	451
12	34	452
106	2	445
53	4	1235
179	2	192
2685	35	1079
23	19	2041
2147	76	605
114	2	46
19	28	2686
260	50	1871
664	96	2395
19	28	2687
30	16	2688
104	8	2689
19	116	1020
56	58	294
544	1	2690
25	68	1269
57	91	1180
1954	48	3
247	2	1683
324	126	1942
2691	48	3
1268	17	279
56	58	2416
955	38	25
137	50	433
2692	16	2693
166	18	2694
53	4	693
271	2	250
74	94	1976
69	1	68
32	9	2510
231	9	33
1216	52	38
260	50	804
2198	48	3
508	1	933
1921	85	202
82	4	53
1589	74	19
1944	104	209
0	88	2695
74	94	2696
74	94	2697
1212	2	961
861	58	56
961	3	1121
1080	48	3
2625	79	2698
197	45	2699
841	2	76
450	2	385
2674	21	2700
53	30	157
57	91	2701
2702	30	53
1510	68	25
12	34	2498
65	50	146
420	2	362
65	50	2703
62	96	2704
19	48	1132
978	14	2705
1628	4	693
1864	4	183
149	28	403
389	59	2706
482	3	2707
1045	1	2708
2709	58	56
163	130	2710
23	91	1010
2711	8	104
25	91	227
304	32	990
2712	129	601
1358	0	516
143	5	2713
53	32	949
354	50	2714
127	2	1175
445	64	664
306	48	1132
273	4	2715
862	117	150
1023	50	137
271	2	76
921	8	1171
341	2	405
33	2	1203
57	117	290
160	89	1273
794	129	2716
783	74	2005
2682	62	157
2655	4	53
8	135	2717
1330	42	8
693	40	2378
354	50	2718
0	86	2719
2677	58	56
155	8	1112
67	64	664
12	34	320
408	50	65
2088	4	304
160	89	2720
911	4	801
3	130	2721
77	2	76
53	32	1051
110	121	2722
192	126	936
19	116	1085
23	91	669
2646	48	3
155	21	584
584	21	2251
686	116	19
2723	50	65
405	3	2482
3	130	2724
158	56	2725
74	94	2726
2727	33	29
25	68	780
297	1	1523
1461	2	14
23	68	1688
17	2	349
220	93	550
994	117	183
56	58	1796
53	4	1141
74	94	2728
1422	67	174
2729	50	65
47	68	227
2730	48	1132
1341	42	1340
1459	4	302
341	2	247
2178	35	420
1500	48	1742
89	2	27
451	45	25
314	68	23
56	58	2731
603	16	604
789	2	474
101	3	85
1871	50	145
1196	119	2732
2733	42	12
578	1	621
142	32	2595
30	16	2734
1710	50	365
87	116	19
740	21	691
1607	64	233
569	8	2735
65	50	1778
57	91	1172
25	91	618
686	3	2736
1274	74	2737
768	2	348
145	50	746
1724	32	183
1438	64	664
501	64	233
19	116	2651
173	2	158
32	9	474
32	9	2738
397	28	2739
766	42	2740
1813	42	8
23	68	224
197	45	2741
542	29	772
2742	68	23
110	34	1157
615	32	183
92	3	2743
439	4	658
218	2	841
1579	74	413
62	96	2744
1847	3	2745
1643	63	1544
8	42	634
62	96	2746
871	82	175
127	15	1742
1023	50	65
664	96	2747
49	70	434
964	2	33
354	50	2748
23	68	451
231	9	125
101	56	1694
1150	2	821
2251	21	156
302	38	2749
2387	3	1063
977	96	2750
2751	32	302
228	2	337
49	53	908
1995	48	3
1532	1	1531
173	2	4
324	48	163
354	50	2752
354	50	2753
290	117	304
230	107	1493
23	19	49
732	2	158
882	2	1203
1150	2	872
2229	4	302
153	30	53
272	2	539
1399	5	544
104	8	1649
2754	19	803
12	34	2755
965	71	2756
658	38	659
61	48	163
2045	48	3
220	93	2757
46	2	820
302	4	25
25	117	340
1068	3	933
309	117	23
76	2	774
271	3	1174
959	91	25
65	50	1023
65	50	809
691	21	437
519	21	155
10	50	727
1057	32	153
220	93	2758
1221	91	427
1420	64	233
142	79	2759
150	19	616
26	2	125
32	9	121
2760	48	3
383	94	2761
104	8	2762
2763	85	2659
1019	58	56
82	40	542
258	2	1175
56	58	1764
2483	32	302
53	4	1176
3	130	2764
664	96	2392
56	58	923
101	8	302
195	43	196
110	121	2765
1241	4	1702
302	40	2766
1723	45	224
106	2	1713
2767	8	104
527	32	25
756	2	106
74	94	2768
74	94	2769
782	64	233
32	9	774
142	32	300
1598	50	64
235	130	2770
49	86	2771
25	91	1442
3	130	2772
1688	45	23
341	2	324
416	43	89
215	2	435
1882	126	2773
385	2	76
400	2	399
74	94	2774
23	91	281
693	4	53
1603	2	1427
183	91	1215
1683	2	1212
74	94	2775
2005	2	455
32	9	1659
1150	2	306
1538	64	62
354	50	2776
19	116	2777
525	50	65
2662	98	835
1266	58	56
67	2	445
65	50	2778
26	2	4
65	50	1752
65	50	869
1534	50	138
1180	91	57
65	50	1789
155	21	585
1476	2	72
25	91	24
193	50	785
454	50	71
1517	4	53
104	8	2243
36	21	2779
1681	3	2579
2780	64	233
1500	2	539
361	2	821
79	2	538
1676	50	408
2781	127	143
520	32	157
25	32	1373
421	38	574
354	50	1823
578	3	2782
119	1	2783
2611	50	65
722	24	2784
2785	28	397
451	117	57
12	34	1861
302	38	57
5	3	1808
385	64	62
1639	15	110
25	32	660
1116	104	209
27	3	969
337	2	215
23	19	600
53	4	2786
2674	63	1544
1024	3	1322
2787	50	65
173	2	27
19	116	1663
405	2	1916
956	32	53
1079	2	188
2316	42	12
2377	5	2281
2083	3	2447
909	17	1439
0	88	2788
930	4	53
141	4	53
382	68	25
104	8	2789
32	9	2790
74	94	1071
12	34	1451
2791	35	89
346	2	258
1819	74	739
10	50	2787
354	50	2120
74	94	2792
74	94	2793
145	50	633
1021	43	27
125	2	89
19	116	2794
0	88	2795
435	64	62
157	62	2796
3	130	2797
2798	71	1181
2512	79	1731
1122	17	279
674	3	1850
2235	4	2341
1160	0	2799
126	3	2013
2800	48	1132
73	2	299
65	50	1676
56	58	995
71	50	557
1858	126	1787
23	45	434
53	32	960
2416	6	2801
19	116	2507
260	50	1598
23	19	2802
314	117	23
53	32	1294
2144	42	12
178	68	23
197	45	47
2316	126	2772
74	94	2803
104	8	1557
104	8	2372
65	50	2804
935	3	1490
2514	21	722
2781	42	8
101	2	538
142	68	747
2707	35	482
450	2	435
138	50	71
2805	19	1210
399	64	233
2593	0	119
74	94	2806
0	88	2210
1479	4	731
65	50	2639
272	3	2807
23	68	710
215	2	180
1290	34	2808
19	116	2809
104	8	2711
10	50	511
941	74	96
12	34	2810
245	3	2743
227	68	23
32	9	2811
610	88	2599
36	21	2812
2256	90	163
1332	91	25
2603	35	158
2001	0	622
851	50	466
74	94	2813
53	32	843
104	8	2670
27	2	76
445	48	235
1930	11	2814
46	2	172
149	4	897
104	8	2815
627	88	2816
802	117	25
338	33	2817
81	111	2818
854	38	23
94	71	2819
685	4	1666
137	50	804
2229	4	23
2810	48	3
229	2	192
2815	8	104
2820	91	441
293	62	2682
1212	2	405
125	2	199
10	50	1957
12	34	2679
279	3	2821
134	2	76
1790	50	65
47	38	1673
142	68	451
104	8	1073
2601	58	129
1738	48	3
104	8	2822
25	45	281
1007	50	1710
285	2	1175
467	76	605
148	4	57
445	2	444
1425	68	747
23	68	618
1218	4	142
74	94	2823
30	16	2824
0	88	1136
1126	4	53
12	34	1243
150	19	600
2590	8	104
1666	32	459
155	21	691
192	2	591
25	40	2825
192	2	76
1627	43	341
12	34	1146
12	34	1730
106	2	77
921	79	1171
506	30	394
2826	42	12
815	76	209
2399	63	1544
1667	102	2827
299	2	73
74	94	2828
1290	34	2829
504	15	1000
2406	139	233
142	23	32
12	34	571
19	28	1035
880	48	3
215	56	2830
501	2	185
969	104	209
226	91	677
10	50	1991
0	88	2831
1175	2	285
2245	17	1092
664	96	2287
165	88	2556
354	50	2832
4	2	26
74	94	2833
2834	17	1791
65	50	261
12	34	2316
862	19	600
520	32	459
542	29	2835
1659	56	1551
104	8	2836
519	21	436
673	4	53
62	96	2837
882	2	756
25	38	1302
650	34	1116
434	117	226
2491	74	470
1287	62	157
439	4	623
729	4	302
2341	32	53
279	26	533
2415	8	104
250	2	73
802	91	25
309	68	25
2838	43	106
794	129	1846
1171	79	2384
55	105	2839
354	50	446
74	94	2840
302	68	47
248	2	1683
2233	74	2841
0	88	2842
2689	8	104
1917	30	53
413	3	737
1892	74	576
23	19	2843
299	2	538
2460	43	1848
186	2	1476
32	9	2844
81	111	757
851	50	71
12	34	2845
74	94	2846
0	70	1510
260	50	1311
3	130	2847
283	3	1256
705	4	53
2848	8	104
12	34	2553
1159	21	36
2849	38	183
74	94	2850
157	62	667
1077	16	1045
2507	48	1132
104	8	2851
405	2	341
413	3	2852
89	3	2853
25	117	959
25	117	310
2213	4	887
1212	2	188
104	8	2854
436	21	584
794	129	2855
74	94	2856
10	50	278
785	50	211
25	68	800
975	63	1704
74	94	2857
27	8	935
1427	2	1603
53	32	2002
340	117	23
74	94	2858
842	118	396
943	4	53
304	38	328
819	50	2859
551	2	76
1007	50	65
1391	43	68
12	8	1340
165	25	2556
165	25	614
45	2	76
142	79	2193
1005	45	25
126	2	91
506	32	53
1057	79	645
126	2	158
23	117	227
1268	0	622
2860	48	3
14	2	140
2861	62	1218
1461	64	664
584	8	2862
413	3	1870
25	45	224
354	50	2863
2864	64	233
260	50	1052
30	16	2865
576	3	2866
45	2	91
66	2	882
542	29	2867
2119	21	584
2868	50	211
74	94	2761
1221	38	312
2187	62	157
1849	58	1266
2280	4	53
62	96	1169
687	50	65
445	2	1654
183	117	304
445	2	882
2869	8	104
574	91	979
23	91	267
531	43	530
104	8	2870
81	111	2871
1613	1	2424
25	91	1332
361	2	482
2872	50	71
33	2	2344
755	2	106
871	1	2274
62	96	1104
2873	50	65
2381	42	8
548	4	135
584	21	156
610	70	25
25	91	314
23	45	267
818	1	817
145	50	1876
691	21	436
729	8	728
53	32	74
892	116	125
1194	0	2640
47	38	2874
142	4	658
74	94	1977
49	53	201
348	3	1525
578	3	2469
354	50	2875
1079	48	163
267	117	23
354	50	1369
49	53	814
12	34	168
0	88	1802
1612	26	2876
25	117	1010
354	50	2877
894	32	53
427	91	312
74	94	2878
19	116	2161
354	50	2583
662	50	1345
747	32	302
62	96	2879
27	2	125
1438	48	235
23	19	1455
242	2	76
8	42	2880
650	34	1509
382	45	25
1059	79	645
281	117	23
30	16	2881
382	45	227
49	70	382
91	2	125
500	74	501
1201	85	2882
53	32	54
109	4	108
576	42	12
633	50	138
858	91	57
74	94	2883
302	40	2884
25	68	669
211	50	2885
231	9	101
142	68	227
690	4	302
568	42	1014
56	58	1394
110	46	2886
57	68	23
1367	50	145
2016	32	2887
302	4	57
1101	42	12
849	2	361
302	32	1757
157	4	53
104	8	2888
354	50	11
53	32	956
694	22	459
385	2	734
220	93	2003
1172	117	58
590	4	1272
698	50	354
24	68	25
395	115	1612
722	21	678
49	86	2889
46	8	479
1618	62	53
747	117	25
297	1	1978
178	45	23
756	2	1203
2517	105	1967
1079	2	1212
10	50	809
1396	83	94
594	8	104
2036	64	1196
156	21	691
2890	48	1648
2242	48	1132
1963	70	25
1688	117	23
2891	62	44
12	34	1262
302	32	1459
859	91	2115
143	5	2892
1259	50	65
65	50	1871
193	50	145
26	2	92
785	50	71
1084	4	53
302	32	57
104	8	2893
1473	42	8
2424	0	1665
707	76	2894
798	8	2895
32	9	66
220	93	2896
729	4	1057
818	3	2897
2898	135	9
77	2	46
1702	4	53
12	34	1030
534	42	8
30	16	2899
3	130	2900
1918	32	53
160	89	2901
2902	48	3
273	4	2188
74	94	2903
1989	48	3
2178	109	665
262	105	244
302	38	1095
338	33	2904
1427	2	2905
158	2	199
101	2	789
1005	40	1210
71	50	1022
1876	50	65
183	32	1953
995	58	56
137	50	1311
571	48	3
135	4	911
74	94	2906
10	50	2907
319	50	1223
732	2	125
500	115	1045
62	96	2908
413	87	2909
171	58	56
302	32	2263
214	2	192
26	2	126
1302	32	25
4	2	126
19	116	1049
882	56	835
659	4	302
380	48	1742
0	88	2910
1033	114	250
1680	43	1679
67	2	66
2424	5	1613
895	2	597
2204	8	731
62	96	2911
1246	117	25
300	68	23
78	2	303
231	9	26
158	116	199
226	68	1332
76	2	45
615	91	183
204	74	935
10	50	746
3	130	2912
25	117	1442
2783	0	119
25	68	862
1974	3	1667
62	96	2913
55	14	2914
42	64	233
271	3	204
53	32	109
813	64	233
119	26	2528
1269	68	23
91	2	813
354	50	2915
46	2	158
160	89	2916
81	111	2917
421	4	1449
2143	8	104
1339	135	41
898	28	1549
106	2	33
271	2	5
416	43	27
428	78	2918
106	56	835
2382	8	76
89	2	271
2804	50	65
2919	32	183
777	32	526
10	50	2868
23	32	2229
160	89	2920
74	94	2921
10	50	582
25	117	267
74	94	2922
302	79	2923
74	94	2924
68	17	279
10	50	2776
1045	3	2925
101	2	1916
74	94	1759
977	128	978
1342	3	2926
1394	105	676
2361	48	163
1160	0	2710
998	4	142
56	58	670
1130	21	519
1160	59	343
623	68	25
106	2	337
1150	116	2242
23	117	1010
519	21	584
166	18	2927
851	50	11
23	32	658
523	100	566
145	50	1646
747	117	23
166	18	2928
1045	3	2929
455	48	3
65	50	408
519	8	1112
0	88	916
1368	42	12
1318	43	968
65	50	2583
100	19	252
1044	50	65
160	89	2266
2315	4	53
389	59	2930
110	63	2931
711	42	12
25	68	854
1367	50	137
2778	50	65
474	2	789
354	50	10
141	32	53
25	68	1332
143	5	978
2932	8	104
341	3	824
2450	42	12
74	94	2933
1619	42	12
81	111	1984
2150	135	41
2703	50	65
179	2	337
183	32	2849
2934	90	163
897	117	859
4	2	158
354	50	1623
160	89	2935
1568	2	2905
68	3	2936
437	21	584
110	1	957
149	4	1172
173	2	125
1029	21	519
544	1	1504
197	19	1463
25	45	2937
158	56	2938
8	104	468
25	117	304
193	50	1105
224	68	25
2639	50	71
2939	17	389
145	50	1871
2367	43	96
153	4	1057
2940	52	1068
104	8	2869
950	117	57
33	2	756
302	4	800
2663	50	65
49	53	289
2941	37	2377
30	16	2942
1122	67	2943
247	2	405
415	42	12
2629	0	119
2891	4	44
25	45	1010
183	91	2919
62	96	2944
391	3	2127
220	93	1640
302	32	623
2542	64	233
2153	68	25
264	42	2015
27	2	46
401	1	2945
363	42	12
74	94	2946
2189	32	731
30	16	2947
76	116	173
1221	4	1449
1116	104	1117
74	94	2948
901	67	900
420	2	106
1461	42	2480
1417	112	1143
1274	74	413
2595	32	142
1684	50	137
53	32	1126
2949	35	1201
2950	28	2951
25	38	190
1164	4	53
76	2	242
1048	42	12
478	8	76
65	50	2952
1077	1	1045
642	117	25
851	50	2611
137	50	1629
354	50	2953
441	91	1060
645	79	1763
722	24	2954
215	64	62
62	96	2955
156	21	584
30	16	2956
747	68	194
123	89	2142
1269	68	25
23	19	1136
500	104	1117
774	2	45
606	88	636
431	43	2957
157	62	2682
25	68	642
183	91	2849
794	129	2958
445	2	1024
56	58	1613
2959	11	7
85	107	1493
1189	48	3
2438	48	3
14	126	2201
2492	4	53
65	50	2960
756	2	33
56	58	1753
25	91	1134
134	3	2926
0	88	2961
1553	64	664
542	29	354
660	19	653
12	34	350
76	8	1100
1024	64	664
160	89	2340
233	128	966
1238	4	53
420	2	756
540	48	276
1679	3	2962
160	89	2963
74	94	2964
142	32	141
1452	2	169
474	2	1212
1784	69	2965
645	4	2512
341	56	982
89	2	45
2966	91	441
2967	48	3
19	116	2968
45	2	5
574	91	588
2114	48	3
756	2	882
719	32	53
271	2	46
1393	113	450
23	45	2969
842	76	209
10	50	408
23	45	2970
135	32	53
12	8	739
138	50	65
1448	4	142
381	117	25
1872	104	1304
2082	8	104
2354	34	431
104	8	187
56	58	1395
197	45	1425
1599	4	53
32	9	186
25	45	434
1007	50	466
2117	8	104
1930	11	2971
1227	2	101
10	50	554
1985	5	516
747	68	23
2651	48	3
2595	4	142
397	28	858
153	32	394
1950	91	183
1045	3	2972
1467	38	25
1539	64	62
71	50	2136
57	91	897
0	88	865
315	64	664
1167	8	104
589	79	2973
108	45	25
142	79	2625
165	88	1633
160	89	2974
419	126	2975
1305	8	25
110	121	2976
228	2	734
667	4	53
431	35	361
71	50	1732
81	111	54
104	8	1326
104	8	625
272	56	128
715	88	2210
106	2	114
25	117	52
354	50	2977
74	94	2978
23	38	197
74	94	2979
163	130	1622
422	38	23
160	89	2980
2050	82	119
974	42	8
1874	42	8
1176	32	750
3	130	2981
1513	112	1143
127	16	2982
32	9	1212
859	91	897
2895	8	798
419	2	1203
142	68	47
915	50	65
129	58	171
1068	59	934
56	58	2601
23	45	2983
23	45	150
1175	2	258
1683	48	163
1444	50	211
368	6	1032
72	2	213
199	2	551
25	32	1302
575	91	441
578	3	2984
74	94	2985
193	50	260
664	96	93
137	50	2136
58	91	859
2385	0	69
25	45	2986
250	2	45
110	42	1157
10	50	146
2281	58	56
273	4	2987
12	34	2988
427	91	575
2780	48	1132
25	45	618
8	42	500
2674	21	856
8	135	2989
892	8	125
658	30	23
25	68	310
627	88	2990
78	64	62
1953	8	183
645	4	53
190	68	23
25	45	642
1808	43	76
12	34	2733
2006	50	211
354	50	64
1190	35	1191
53	32	1176
78	2	334
142	38	1770
1197	105	2497
73	2	820
1741	32	25
1368	48	3
160	89	2991
2992	42	12
280	0	279
424	64	233
820	116	821
25	45	178
25	91	309
193	50	211
12	34	2014
2464	44	56
474	2	101
2718	50	559
1536	43	1000
849	3	2306
539	2	1500
1101	48	3
53	4	520
53	32	1445
437	21	156
1868	3	1574
1780	42	8
549	63	2993
65	50	906
66	2	1654
172	2	125
944	43	125
45	3	2994
708	42	2995
153	4	53
32	9	450
57	117	47
624	38	23
1871	50	137
1646	50	137
114	2	134
340	45	25
609	8	53
354	50	2996
1218	62	2861
686	2	820
1029	21	691
1752	50	71
137	50	64
341	2	1079
1332	68	25
17	2	1106
250	2	91
731	32	1479
1267	105	2997
585	21	584
110	46	2998
74	94	2999
1332	32	25
56	58	1372
520	32	693
25	117	328
708	34	3000
155	21	1130
3001	129	2855
250	3	469
2088	32	53
2002	30	53
2096	74	192
10	50	3002
25	68	1467
106	2	755
401	3	204
109	4	142
798	8	512
1154	50	138
2178	98	1366
142	38	3003
25	68	178
345	50	211
1212	2	1916
74	54	3004
979	91	441
25	91	955
231	9	229
25	68	959
304	32	328
3	130	3005
900	3	3006
1643	21	36
1879	35	250
25	45	335
747	68	854
3007	42	8
25	117	335
3008	48	3
12	34	503
420	2	882
24	91	25
780	68	25
49	70	3009
183	91	182
74	94	3010
1134	45	25
106	56	1366
74	94	3011
199	2	27
74	94	3012
1420	48	3
13	48	3
74	94	2142
62	96	3013
233	128	1027
828	50	138
3014	129	3015
606	88	1453
954	8	975
548	32	394
774	2	158
1392	58	56
228	2	450
81	111	2280
74	94	3016
113	85	1760
2151	52	1068
1133	42	8
1130	21	584
76	56	703
405	2	474
451	32	1425
1243	42	12
424	48	3
25	45	1467
1493	71	3017
482	2	1807
2256	43	188
89	2	91
12	34	1359
65	50	3018
66	2	1024
110	31	2658
892	2	76
413	3	1836
729	32	302
248	2	1858
116	38	47
776	86	938
104	8	1755
1203	2	420
142	79	1777
25	38	3003
725	91	57
479	8	158
258	56	128
1397	49	163
33	2	362
165	25	427
731	8	2253
1023	50	145
104	8	2645
62	96	3019
1115	0	297
25	117	451
188	2	247
506	62	153
281	117	304
1350	8	104
746	50	145
856	8	1000
183	91	312
158	56	3020
1105	50	65
98	4	801
346	2	127
56	14	2705
441	91	2504
608	38	25
25	68	382
62	96	3021
1196	119	1487
23	91	57
1196	119	978
450	2	215
1646	50	145
574	91	3022
53	32	1141
49	70	2937
640	69	2965
53	32	2171
1999	79	3023
91	2	26
1503	58	56
1448	4	750
231	9	1882
391	0	2069
62	128	978
65	50	1367
157	4	520
774	2	125
2512	40	3024
74	94	3025
62	96	2391
567	135	41
794	129	1750
856	42	1093
91	2	27
2648	8	104
30	16	3026
491	70	25
25	68	333
1826	17	516
450	2	192
145	50	1778
194	68	747
1226	35	1227
3027	3	3028
2636	48	3
69	1	1841
115	8	104
27	2	158
3	130	3029
101	2	1568
25	68	1741
49	86	3030
888	4	887
843	40	3031
10	50	1468
846	42	12
528	117	183
69	1	1728
461	32	53
1470	42	12
2182	48	3
553	26	3032
1471	35	782
750	32	992
794	129	3033
74	94	2548
3034	33	1118
445	2	805
3035	50	65
53	4	153
2686	28	19
1018	5	1613
1536	104	1117
3036	117	1501
226	45	677
25	32	750
2234	43	1090
110	46	3037
1125	48	3
3038	21	584
3039	4	53
3040	74	215
53	32	352
548	62	292
10	50	1154
53	4	1400
3041	3	3042
1510	19	803
25	117	382
700	50	211
0	88	636
542	29	2714
1722	12	3043
548	62	547
76	2	46
53	32	2702
882	116	17
104	8	2247
2315	4	3044
2377	0	2281
3045	42	12
3046	43	101
188	2	1212
32	9	1203
57	28	2115
2395	52	1160
251	4	717
62	96	3047
2141	19	3048
12	34	3049
25	45	1297
0	88	627
92	8	935
91	2	126
47	91	57
8	135	535
2731	58	56
2053	105	3050
231	9	46
1024	56	1551
389	0	2939
1221	68	47
1923	69	889
197	68	25
299	2	820
250	3	651
1427	2	1426
32	9	3051
45	3	944
1438	3	3052
2905	2	1427
1141	4	53
2066	8	104
354	50	261
820	2	686
624	8	302
293	62	141
23	68	518
27	2	91
304	45	281
627	88	2210
1367	50	65
969	100	566
30	16	3053
49	65	1045
348	2	1106
1479	30	731
76	3	737
640	69	639
56	58	171
92	2	199
179	2	113
456	48	3
32	9	1079
2086	0	174
1305	68	25
85	72	3054
1639	33	29
89	2	125
361	2	1655
74	94	2991
1499	48	3
245	3	2191
2484	75	19
856	34	2330
2394	43	33
2139	42	12
220	93	3055
218	2	2632
1023	50	138
110	46	1147
1818	42	12
170	42	12
2016	4	302
160	89	3056
193	50	137
74	94	3057
2138	35	456
233	119	1197
47	38	2552
74	94	3058
849	2	576
12	34	1968
27	2	2241
1334	2	185
254	117	23
1626	117	183
1814	48	3
145	50	10
36	21	3059
341	126	2671
91	64	233
62	96	3060
23	45	254
155	21	436
23	68	227
53	32	135
10	50	2017
878	8	798
975	8	798
1957	50	71
426	91	575
2300	32	183
1844	30	53
3061	17	516
56	58	372
2274	67	871
17	2	2036
3027	75	873
53	32	685
12	8	3041
10	50	1580
1332	117	25
756	2	140
4	2	271
56	58	721
49	70	198
104	8	790
794	129	3015
451	117	25
664	96	3062
658	32	750
911	32	53
53	32	2200
186	2	46
420	126	665
354	50	3063
23	117	226
140	2	756
49	53	1394
849	3	1341
2760	42	12
3064	48	3
76	56	835
0	88	1833
1392	58	1266
794	129	3065
2144	48	3
324	2	538
25	117	1708
1282	14	1600
25	45	3066
53	32	2786
158	3	2603
226	91	527
639	69	889
341	3	230
2773	52	1299
143	5	3067
32	9	173
383	94	3068
2256	35	188
51	68	25
1679	63	3069
215	2	385
113	2	215
578	1	2059
104	8	3070
794	129	2098
2398	48	3
194	68	23
33	2	882
664	96	1303
160	89	3071
1476	3	3072
302	45	451
74	94	3056
163	3	3073
1395	58	56
23	45	226
2786	32	53
53	4	2134
2062	48	1132
8	42	1904
1024	2	66
25	68	472
2625	79	3074
849	2	72
1501	117	3036
1730	42	12
142	4	911
12	34	2571
445	3	1428
3075	5	1045
871	1	1268
32	9	419
25	45	593
49	70	227
428	1	947
1185	50	65
25	117	677
2826	48	3
444	64	664
273	4	53
226	117	677
1404	43	501
100	68	25
3076	48	3
2029	105	244
3077	50	559
1813	135	41
542	29	3078
64	50	619
354	50	3079
53	4	352
32	9	46
12	34	2297
634	42	8
1413	8	53
734	2	385
2632	2	76
74	94	3080
949	32	53
1367	50	138
698	50	559
1445	32	53
399	116	19
139	126	2747
769	35	768
978	6	3081
25	68	227
92	2	91
743	105	1967
334	64	233
1724	117	183
91	3	709
436	21	1029
32	9	420
104	8	2239
1654	48	235
22	117	23
707	118	396
2895	8	954
420	2	33
2859	50	65
375	8	798
650	34	565
854	68	23
1001	78	391
76	3	1274
194	68	1297
1587	32	53
849	64	233
456	3	2138
44	4	53
1205	43	26
10	50	2729
72	48	1648
65	50	559
554	50	65
157	4	1666
56	58	3082
538	2	324
621	16	578
394	32	387
104	8	2848
247	56	1694
664	96	1433
2232	8	104
56	58	1278
2685	90	163
65	50	3083
56	58	681
62	96	3084
74	94	3085
127	2	272
801	32	911
62	96	3086
1271	48	3
1376	35	1342
828	50	71
450	56	412
1340	34	1341
614	91	441
662	50	145
2411	59	3087
8	135	3088
436	8	1112
23	117	618
1921	48	3
23	19	616
32	9	1538
1176	32	53
125	126	3089
2206	2	1568
302	94	1768
14	2	106
542	29	3090
114	2	435
242	64	62
439	30	302
25	91	747
1221	4	302
1753	58	56
1538	2	385
911	4	142
1061	30	750
56	58	814
25	45	854
12	34	2860
935	3	737
622	63	3069
4	2	774
137	50	71
663	50	71
750	4	930
1085	48	1132
3	130	3091
30	16	3092
227	4	302
10	50	3093
633	50	145
662	50	1598
734	126	2486
499	45	227
1400	8	53
505	50	354
19	28	134
30	16	3094
1447	42	12
45	2	199
56	58	1906
354	50	193
264	42	2309
461	30	53
56	58	1881
354	50	746
317	117	25
578	3	3095
789	2	341
1963	86	3096
421	38	614
748	0	900
117	4	1221
3097	117	23
10	50	2583
14	85	111
1022	50	71
3002	50	137
23	38	48
569	8	3098
2405	16	69
192	2	214
3099	129	3100
312	91	1221
597	48	3
74	94	3101
49	53	923
1401	2	125
158	2	76
2253	8	731
25	68	1510
555	43	544
2337	42	568
33	2	420
142	68	1442
25	91	57
531	35	530
901	17	279
215	2	113
1813	127	119
624	19	653
49	65	871
42	2	463
46	2	228
74	94	3102
56	58	2029
145	50	211
278	50	65
2679	48	3
354	50	211
49	53	966
511	50	65
33	3	3103
2330	20	391
784	50	746
2177	56	412
65	50	2872
349	3	1347
2460	43	739
220	93	3104
1196	119	59
851	50	138
800	68	25
2553	42	12
104	8	2397
340	68	25
2083	71	3105
1604	58	56
19	116	3106
49	70	381
341	2	1212
1045	3	3107
704	32	53
27	2	5
245	3	1836
44	62	2891
302	32	1949
163	130	3108
2601	58	56
441	91	589
25	68	1134
25	117	1332
1223	50	138
755	64	664
1353	116	1175
137	50	1223
160	89	3109
246	74	578
959	45	25
1219	4	302
173	2	46
1779	48	3
824	109	2671
804	50	744
215	2	228
53	32	1251
2454	42	12
231	9	215
428	78	3110
23	45	1373
563	71	3111
2240	67	279
215	42	3112
1618	4	53
247	2	101
3046	90	163
756	3	3113
157	40	3031
74	94	3114
1150	116	19
228	2	215
1773	104	209
2021	78	391
25	45	669
260	50	145
12	34	363
227	68	25
81	111	3115
10	50	2639
838	8	104
1045	1	3075
79	2	247
74	94	3116
394	32	153
74	94	3117
362	64	664
74	94	3118
53	4	930
606	88	3119
3120	8	104
621	1	578
2235	4	53
19	116	2160
2950	108	3121
1855	91	57
3122	32	658
142	4	57
56	58	2677
1902	32	53
23	117	3097
3046	35	101
285	56	1113
1968	48	3
3070	8	104
257	2	285
1007	50	211
74	94	3123
1432	48	3
2189	4	731
271	2	89
2046	4	53
104	8	2162
774	2	91
281	68	304
1999	79	645
691	21	519
2969	45	23
76	2	435
231	9	419
65	50	2664
101	56	982
163	130	3124
2320	50	138
3125	43	968
935	8	76
1389	12	3043
946	48	3
12	34	1270
74	94	3126
25	68	471
125	56	1771
1427	2	3127
157	62	273
110	42	815
2652	49	215
1160	67	2943
766	48	3
413	27	2373
158	2	125
25	19	3128
104	8	1639
774	2	199
1451	42	12
65	50	2302
428	78	3129
1172	91	57
618	91	25
56	58	2709
597	42	12
1141	62	998
306	2	1655
281	117	25
165	25	1039
627	88	3119
62	96	3130
1716	31	1715
794	129	601
1057	4	693
2405	17	279
871	1	870
142	79	645
32	9	88
507	48	3
420	64	664
5	2	125
231	9	179
3	130	3131
1252	48	3
12	34	1905
815	115	516
62	96	3132
137	50	746
455	116	19
1233	50	37
157	62	2187
40	127	143
202	0	174
137	50	136
398	28	397
538	2	79
673	30	53
303	3	453
640	69	1923
348	116	19
65	50	1148
56	58	3133
824	114	341
354	50	3134
10	50	1352
191	0	174
5	64	664
2344	15	163
2406	43	1045
323	48	3
1260	116	19
0	86	3135
518	117	23
302	4	2749
2845	48	3
2849	32	183
158	2	271
279	1	826
49	70	314
139	48	235
300	4	23
160	89	2126
512	21	1857
340	19	600
335	45	3136
260	50	64
12	34	1306
146	50	211
285	64	233
215	42	3137
405	2	101
2649	48	3
1712	48	3
354	50	365
74	94	3138
394	32	53
2751	32	1219
137	50	193
794	129	3139
89	2	173
2501	58	56
23	68	340
166	18	3140
2762	8	104
4	2	91
74	94	3141
1130	21	155
32	9	214
267	117	25
2843	60	3142
57	117	950
65	50	753
794	129	3143
25	91	317
56	58	1508
65	50	1075
2836	8	104
302	30	731
260	50	2804
2567	43	470
74	94	3144
2182	42	12
129	58	1119
23	32	3145
540	2	240
25	91	178
142	4	2060
25	45	381
2949	43	1662
2629	16	119
1538	2	336
2992	48	3
361	48	3
1301	43	482
354	50	3146
685	4	53
1849	58	56
1042	0	1041
1656	42	12
419	2	360
25	68	518
101	3	1865
470	3	1256
1583	11	1582
1420	85	1696
1066	91	979
8	135	3147
470	3	469
12	34	3148
394	4	387
1442	117	25
1425	91	451
3149	4	876
1141	4	583
1301	43	1974
8	104	3150
46	2	299
2957	3	431
233	128	243
101	2	881
732	2	126
3	130	2744
10	50	804
403	28	149
218	2	77
5	2	126
657	42	12
1121	43	961
474	48	163
65	50	692
23	91	381
567	42	8
405	42	3151
62	96	874
306	42	3152
2874	4	302
158	56	3153
1810	48	3
32	9	89
512	27	3154
2031	21	36
1893	4	53
192	2	2177
2832	50	37
32	9	435
849	2	1150
1666	4	157
1090	3	3155
23	32	422
1946	8	302
445	2	106
104	8	1054
1190	43	245
1266	58	2281
53	32	548
26	2	88
53	32	2369
257	42	392
74	94	3156
62	96	3157
3158	67	1045
428	27	3159
142	45	25
382	117	226
142	79	1999
0	88	3160
1337	14	1140
1373	68	23
248	2	405
492	69	889
640	69	492
389	0	3161
584	21	740
426	91	588
74	94	3162
836	5	516
180	2	1538
1150	48	3
16	42	12
402	43	271
62	96	3163
25	68	867
427	91	183
2313	48	3
302	68	25
12	34	657
380	2	539
8	42	1559
142	32	506
25	45	150
361	2	1150
3	130	3164
2314	42	12
250	42	1033
173	2	76
1328	48	3
30	16	3165
1728	16	69
1322	43	1024
271	3	787
23	91	1688
53	32	1918
104	8	696
125	2	27
1035	85	3166
30	16	3167
432	2	73
188	27	2291
79	2	1079
49	70	3168
71	50	1444
12	34	152
215	2	229
12	34	1208
25	117	642
1933	8	104
10	50	864
2810	42	12
74	94	3068
65	50	3169
12	34	2182
46	2	5
19	116	2763
714	48	3
3168	19	803
794	129	3170
1035	2	186
1960	48	1132
584	21	691
1236	32	53
166	18	3171
53	40	3172
539	2	258
211	50	71
2229	30	302
2031	51	391
337	2	450
2674	78	391
2732	58	56
101	3	2072
110	121	3173
81	111	273
532	2	1655
659	32	1061
1178	42	12
74	94	3174
302	4	1770
344	109	1067
2463	62	293
302	32	624
2786	4	53
30	16	3175
920	71	1930
377	105	3176
413	3	1344
1029	21	584
1321	29	997
451	68	23
1693	0	900
65	50	2393
92	3	1836
74	94	3177
650	34	3178
49	70	2153
76	2	841
2302	50	619
824	35	341
96	27	2140
789	2	324
1068	0	2392
2449	43	341
12	34	409
1066	91	574
23	45	854
2583	50	211
943	8	53
267	68	23
942	32	142
12	34	880
23	45	489
1999	79	3179
74	94	3180
73	2	72
25	117	381
2674	21	36
2511	42	12
369	2	341
260	50	2136
1953	91	183
354	50	1023
349	85	3181
1683	2	247
220	93	3182
74	94	3183
3184	8	183
1428	98	1366
65	50	866
150	19	794
691	21	584
10	50	2320
1610	35	66
53	4	1606
2394	113	33
23	68	190
25	45	2288
231	9	450
360	126	2683
71	50	145
4	126	2940
3185	48	3
74	94	3186
3187	52	1439
849	3	3188
49	86	3189
2036	3	1344
1571	43	1570
2637	8	798
1203	2	66
401	0	297
2206	2	1593
231	9	271
645	32	142
23	45	227
1510	4	499
229	2	450
32	9	26
2443	48	3
78	116	19
470	3	3190
1984	4	44
257	2	792
49	65	516
2651	2	399
3191	16	235
604	58	56
1442	32	25
606	88	865
599	117	25
516	1	3061
1439	67	2273
3192	50	65
49	53	1267
32	9	72
110	46	3193
53	4	1236
827	50	138
629	43	139
4	2	173
27	2	250
32	9	3194
74	94	3195
74	94	3196
2614	4	53
432	2	299
10	50	3197
145	50	1367
441	91	2820
1950	117	3149
435	56	3198
231	9	849
354	50	1621
987	74	578
10	50	2074
1980	28	3199
266	8	104
821	2	2811
1510	117	25
281	117	747
898	28	1979
2375	42	12
1818	48	3
2216	16	739
633	50	785
774	2	27
285	56	128
1288	0	69
2182	64	233
1427	2	3200
89	3	2791
1372	58	56
1912	58	56
25	19	653
304	117	990
49	70	3201
65	50	2006
341	2	101
2919	117	183
218	2	169
125	2	774
486	116	19
1695	48	1132
32	9	2036
73	2	250
489	19	1414
1707	8	1706
23	45	22
74	94	3202
183	91	3203
882	2	106
302	4	328
381	19	803
74	94	3204
49	86	3205
231	9	774
199	3	2791
65	50	3206
8	42	2381
1171	79	921
887	32	3207
870	17	871
354	50	558
8	135	3208
584	21	1130
245	3	1025
2297	42	12
303	48	3
30	16	3209
53	32	422
1826	1	516
379	135	41
1305	117	25
74	94	3210
1292	3	2807
25	68	677
125	2	88
394	32	548
2341	62	956
1203	8	3191
1639	15	726
1155	42	12
1400	4	520
23	45	618
1438	126	1787
401	31	787
1278	105	3211
27	2	4
2371	17	94
397	28	2785
76	2	92
341	3	1627
2860	42	12
10	50	1641
226	40	3212
1448	4	1084
603	0	604
391	3	3213
2583	50	65
499	45	451
25	68	304
243	58	56
145	50	1023
10	50	3214
820	2	299
1036	48	3
1823	50	65
104	8	3215
424	42	12
26	2	76
1427	2	3216
25	32	623
658	4	3122
1119	58	56
794	129	3217
428	78	3218
1857	63	1544
56	58	3219
992	4	750
134	64	62
32	9	1916
512	78	3220
1476	2	186
337	2	1882
158	2	3221
354	50	2037
135	32	109
10	50	785
385	2	450
992	4	1003
841	116	380
65	50	1022
3203	91	183
57	91	858
2284	8	798
30	16	3222
68	0	791
12	34	1386
2288	68	25
194	117	747
74	94	3223
33	2	1553
2651	2	1201
2344	48	235
66	2	756
1609	30	302
576	3	3224
52	68	23
23	32	57
1023	50	1223
126	2	46
1312	52	3225
265	58	56
49	86	3226
302	40	3227
1062	50	65
1306	48	3
25	68	224
145	50	2136
3228	48	3
805	2	445
544	1	825
264	42	1589
81	111	1164
3	130	3229
774	2	46
132	105	3230
74	94	3231
1045	3	3232
2136	50	137
65	50	3233
23	45	3097
92	2	46
3049	48	3
1266	6	1032
376	32	25
2235	32	142
2934	43	909
183	32	1626
183	91	528
142	45	677
49	65	119
2244	85	2494
8	135	3234
813	2	91
79	126	3235
81	111	1634
500	104	209
510	42	12
887	30	3207
436	21	156
66	3	2233
674	48	163
25	38	660
32	9	1200
281	68	747
106	2	1203
56	58	1925
47	91	1221
160	89	3236
750	4	658
46	2	89
62	96	2594
30	16	3237
337	64	62
539	2	127
1238	4	1803
62	96	3187
30	16	3238
143	5	3239
2563	42	12
25	45	1442
104	8	2143
584	21	3038
65	50	1052
474	3	913
591	2	337
694	29	698
81	111	3240
2016	32	302
1255	30	53
33	2	14
1538	2	114
362	2	420
1452	2	1713
150	117	23
850	50	71
756	2	66
334	2	2651
142	32	83
3045	48	3
142	45	23
2593	5	119
160	89	3241
125	2	158
56	58	2732
1222	98	835
1373	30	25
2271	48	1132
227	45	23
91	2	199
53	32	2295
23	117	254
691	21	156
104	8	2366
1484	28	110
1219	79	2751
194	38	23
1334	64	233
232	56	3242
264	42	467
104	8	3034
89	2	4
232	2	474
458	111	1400
2457	48	1132
1429	48	3
12	34	628
1452	2	841
74	94	3243
2457	85	965
441	38	426
833	19	3244
876	38	528
1180	117	897
12	34	1420
1999	79	2384
1023	50	211
12	34	2967
3245	19	803
2416	14	3246
104	8	2727
74	94	765
534	135	41
1513	112	3247
23	45	800
3248	71	3249
69	1	2405
10	50	365
954	8	878
5	2	4
1095	38	833
74	94	3250
512	27	3251
19	116	3252
2270	65	3253
10	50	3254
794	129	3255
405	3	3256
142	79	3257
12	27	3258
3259	48	3
1963	86	3260
74	94	3261
32	9	3262
25	32	3263
30	16	3264
74	94	3265
2625	40	3266
279	1	3267
3268	30	1513
163	130	3269
354	50	3270
0	88	3271
3017	11	3272
74	94	3273
3274	8	104
748	71	3275
2373	71	3276
160	89	3277
354	50	3278
104	8	3279
479	3	3280
849	3	3281
293	62	3282
257	3	3283
3284	48	3
30	16	3285
30	16	3286
142	79	3287
3041	3	3288
166	18	3289
3290	50	65
2957	3	3291
1299	71	3292
656	16	3293
354	50	3294
62	96	3295
3296	58	56
3	130	3297
1950	117	3298
74	94	3299
17	85	3300
650	34	3301
160	89	3302
74	94	3303
1516	14	3304
62	96	3305
74	94	3306
119	1	3307
30	16	3308
1493	71	3309
74	94	3310
12	34	3311
422	40	3312
74	94	3313
74	94	3314
62	96	3315
185	3	3316
3317	88	1802
1000	63	3318
1534	50	3319
62	96	3320
65	50	3321
1176	111	3322
49	70	3323
3324	129	1750
1974	3	3325
74	94	3326
233	96	3327
512	27	3328
587	85	3329
163	130	3330
1202	72	3331
303	85	3332
74	94	3333
163	39	3334
74	94	3335
1150	85	3336
74	94	3337
2193	40	3338
428	78	3339
664	96	3340
104	8	3341
393	21	3342
578	3	3343
342	135	3344
3	130	3345
2821	102	3346
110	121	3347
794	129	3348
104	8	3349
354	50	3350
30	16	3351
1667	74	3352
110	34	3353
428	78	3354
104	8	3355
2387	3	3356
215	56	3357
183	79	3358
49	86	3359
1082	0	3360
30	16	3361
165	88	3362
578	3	3363
512	27	3364
0	86	3365
306	3	3366
3367	4	53
74	94	3368
2385	0	3369
74	94	3370
19	116	3371
1513	129	3372
62	96	3373
3374	74	296
220	93	3375
30	16	3376
1847	3	3377
143	5	3378
694	22	3379
3380	28	898
62	96	3381
74	94	3382
389	71	3383
30	16	3384
142	79	3385
143	5	3386
3387	16	3388
49	86	3389
1925	105	3390
74	94	3391
74	94	3392
220	93	3393
110	46	3394
81	111	3395
62	96	3396
49	70	3397
1648	39	3398
74	94	3399
265	28	3400
74	94	3401
898	46	3402
1137	26	3403
32	9	3404
794	129	3405
74	94	3406
74	94	3407
74	94	3408
19	116	3409
74	94	3410
30	16	3411
3412	134	233
10	50	3413
163	130	3414
160	89	3415
701	3	3416
32	9	3417
74	94	3418
74	94	3419
302	40	3420
235	39	3421
74	94	3422
62	96	3423
354	50	3424
748	71	3425
74	94	3426
62	96	3427
74	94	3428
74	94	3429
0	88	3430
74	94	3431
160	89	3432
104	8	3433
30	16	3434
1439	3	3435
3	130	3436
62	96	3437
30	16	3438
354	50	3439
1439	3	3440
56	58	3441
1930	11	3442
211	50	3443
428	78	3444
74	94	3445
220	93	3446
1442	40	3447
3	130	3448
512	27	3449
3385	4	3450
32	9	3451
428	78	3452
833	19	3453
81	111	3454
30	16	3455
62	96	3456
166	18	3457
74	94	3458
8	135	3459
38	71	3460
610	89	3461
62	96	3462
425	71	3463
30	16	3464
542	29	3465
140	126	3466
354	50	3467
49	70	3468
3469	16	3470
354	50	3471
354	50	3472
153	40	3473
57	91	3474
664	96	3475
81	111	3476
3	130	3477
69	3	3478
157	4	3479
664	96	3480
354	50	3481
3	130	3482
924	18	3483
627	88	3484
19	116	3485
114	3	3486
12	34	3487
569	8	3488
3489	23	3490
160	89	3491
49	70	3492
62	96	3493
123	89	3494
74	94	3495
49	86	3496
49	70	3497
62	96	3498
110	121	3499
160	89	3500
166	18	3501
104	8	3502
1190	43	3503
2373	71	3504
110	24	3505
664	96	3506
235	130	3507
160	89	3508
19	116	3509
62	96	3510
1450	131	1237
142	79	3511
68	3	3512
160	89	3513
62	96	3514
62	96	3515
849	3	3516
8	104	3517
8	135	3518
163	130	3519
197	45	3520
3521	129	601
30	16	3522
0	88	3523
74	94	3524
62	96	3525
354	50	3526
428	78	3527
272	3	3528
1181	11	3529
354	50	3530
30	16	3531
166	18	3532
30	16	3533
160	89	3534
49	70	3535
354	50	3536
74	94	3537
794	129	3538
74	94	3539
273	4	3540
3	130	3541
69	3	3542
512	78	3543
3	130	3544
794	129	3545
575	91	3546
74	94	3547
1858	3	3548
8	102	3549
25	68	3550
3551	41	3552
1392	105	3553
45	3	3554
62	96	3555
19	116	3556
558	50	3557
74	94	3558
354	50	3559
235	130	3560
74	94	3561
650	42	3562
104	8	3563
19	116	3564
542	29	3565
