0	0	1
2	1	3
4	2	5
6	3	7
8	4	9
10	2	11
12	5	13
14	6	15
16	3	17
18	7	19
20	8	21
22	9	23
24	10	25
26	11	27
28	3	16
29	12	30
31	2	32
33	13	34
16	3	35
36	12	37
38	14	39
40	14	10
41	1	42
43	14	20
26	11	44
40	1	42
45	7	46
47	15	20
48	16	47
49	1	50
51	17	52
53	18	54
55	16	56
57	19	33
58	5	32
59	12	60
61	17	62
63	14	32
50	14	10
64	1	50
65	20	66
0	0	67
68	12	69
70	3	16
71	7	72
73	7	32
74	7	75
76	16	77
78	12	79
80	14	18
81	3	82
83	2	39
84	21	85
86	4	9
87	15	88
20	20	89
90	1	50
0	0	91
92	12	93
94	1	95
96	17	62
97	22	98
99	12	100
10	2	101
16	3	102
103	1	104
105	14	18
106	12	107
108	4	9
109	4	110
53	18	111
112	12	113
114	2	39
115	9	116
117	3	118
119	3	118
120	3	121
122	14	18
10	2	123
16	3	124
125	14	18
126	3	127
128	1	3
129	23	130
131	15	20
132	14	18
9	4	133
134	14	85
135	24	136
137	0	138
139	12	140
9	4	141
33	13	142
10	2	32
18	14	143
40	1	144
145	12	113
146	19	5
147	20	71
148	16	149
150	1	42
151	2	39
152	1	50
153	3	154
9	4	155
156	1	157
158	17	52
150	1	50
159	1	160
161	20	162
163	14	164
165	12	37
166	16	47
98	20	167
9	4	168
156	1	95
7	3	169
170	25	20
171	12	112
0	0	172
173	5	13
174	1	175
16	3	176
177	26	82
178	20	179
180	20	66
181	14	20
182	10	183
9	4	184
185	16	186
142	1	50
187	20	188
189	27	190
49	1	191
192	28	53
193	4	9
10	2	194
195	12	113
196	2	20
197	1	198
192	29	32
199	3	16
187	20	200
201	1	160
16	3	202
30	12	203
62	30	204
205	19	5
206	7	207
10	2	208
209	3	16
210	5	52
165	12	30
211	12	68
212	31	213
2	1	175
214	3	215
187	20	216
62	9	217
218	14	219
220	1	42
10	2	174
82	26	221
222	12	223
224	12	139
225	16	47
226	32	227
9	4	228
229	4	9
187	20	230
63	2	32
231	20	39
232	12	233
234	14	18
235	1	175
236	4	9
237	1	144
238	4	9
68	12	239
211	12	240
241	33	242
243	1	175
244	19	245
246	1	104
9	4	247
248	3	177
249	1	157
250	7	18
251	4	252
43	5	253
71	14	18
245	1	254
255	34	256
257	14	18
258	19	259
260	4	9
18	20	261
74	7	262
10	7	263
264	1	42
265	14	32
266	1	160
62	29	267
112	12	171
120	3	7
268	2	5
33	13	269
33	35	270
271	14	10
272	5	135
273	12	274
275	36	276
244	1	157
277	1	144
16	3	278
279	5	62
33	13	280
226	32	281
282	1	95
201	19	33
283	1	144
284	19	33
74	7	285
286	14	39
82	26	287
288	12	113
289	4	9
290	4	9
291	35	71
187	20	292
10	2	293
294	5	62
226	32	295
296	14	297
99	14	18
10	2	298
299	4	9
300	29	10
301	14	18
302	1	303
90	14	18
99	12	78
9	4	304
305	12	99
306	7	39
307	14	18
308	20	162
33	13	164
309	3	310
311	12	312
313	37	39
132	1	175
314	35	315
316	1	104
18	20	245
317	38	318
319	2	39
33	35	320
321	15	322
323	1	324
325	0	0
57	1	326
206	17	62
327	20	328
68	12	240
329	7	187
170	1	42
330	3	16
327	2	164
331	29	332
333	1	3
9	4	334
33	13	335
32	16	336
337	19	5
33	13	338
311	12	195
98	20	339
26	11	340
39	7	341
104	14	39
342	19	5
343	19	5
26	11	344
345	19	33
192	12	273
346	1	50
18	7	347
187	20	348
179	7	178
349	4	350
351	12	288
352	5	39
353	3	354
355	4	9
128	1	104
356	7	329
357	1	50
358	7	46
359	19	33
10	2	181
189	27	360
231	14	148
361	3	16
362	19	5
9	4	363
364	1	144
2	1	104
365	19	33
366	3	367
33	13	368
369	3	353
370	39	371
372	14	164
10	2	373
371	14	374
79	12	68
315	7	375
10	2	376
377	40	222
164	35	378
379	1	250
20	30	380
74	5	381
344	12	113
187	20	382
187	20	383
384	1	42
385	1	144
62	30	386
10	2	387
167	1	50
36	12	388
389	16	390
20	7	391
392	19	5
393	1	254
297	0	345
39	7	394
395	41	396
397	1	157
189	27	398
16	3	177
385	1	175
20	7	399
201	1	95
26	11	400
401	42	402
18	20	403
150	0	345
345	0	243
187	20	404
405	43	406
192	16	407
37	12	408
409	14	18
187	20	410
411	44	412
413	1	104
62	9	414
287	26	415
416	0	0
187	20	417
26	11	312
103	5	418
10	2	419
10	2	420
18	20	421
422	3	16
9	4	423
10	2	424
62	29	425
399	14	20
426	20	39
18	20	427
419	1	144
428	1	175
251	4	429
137	2	430
9	4	431
0	0	432
433	1	144
434	2	435
436	1	175
170	1	144
109	4	437
438	19	33
439	14	18
440	20	10
9	4	441
442	1	42
443	1	50
444	16	445
177	26	446
9	4	447
96	45	448
449	1	3
450	29	364
20	16	451
452	1	3
0	0	325
453	19	33
226	32	162
388	12	311
454	14	18
18	14	455
456	4	9
113	12	37
457	46	436
458	1	160
156	1	175
459	17	62
10	2	460
461	15	274
118	3	462
10	2	25
463	2	32
464	1	175
465	1	144
466	19	435
467	2	32
22	10	226
468	1	469
30	12	470
10	2	471
470	12	30
472	1	254
473	0	0
474	20	96
10	2	475
476	1	175
9	4	477
46	7	478
43	8	21
158	16	479
480	3	16
33	13	481
482	1	144
483	4	9
10	2	1
146	19	33
484	4	349
69	47	485
486	0	0
46	17	62
487	32	413
488	48	162
26	11	84
489	1	95
18	20	20
30	12	112
490	14	39
491	38	492
7	3	493
366	3	494
189	27	495
496	49	497
498	1	144
15	1	191
497	0	0
67	1	95
499	20	500
432	0	0
120	3	480
501	41	74
197	1	502
74	5	243
282	1	303
9	4	503
504	1	50
26	11	505
172	1	50
350	4	506
412	19	507
10	2	508
10	2	509
33	13	167
62	29	510
489	1	175
511	3	120
53	18	512
513	3	177
220	1	191
39	7	514
515	7	516
517	4	484
16	3	518
53	6	137
143	20	519
118	3	330
9	4	520
521	20	206
10	2	522
137	10	5
346	16	47
126	3	523
442	1	3
524	23	525
526	45	527
528	1	104
92	16	390
220	1	254
529	14	530
531	1	254
62	30	532
187	20	533
53	50	534
288	12	535
46	7	536
29	12	93
9	4	537
538	1	95
16	3	539
443	1	191
390	51	88
540	19	33
541	5	85
16	3	209
16	3	462
172	1	542
543	12	60
544	1	250
187	20	194
112	12	545
546	1	157
547	1	254
20	16	548
549	1	144
550	4	520
33	13	150
39	45	527
551	14	10
281	7	187
383	1	191
33	13	49
14	6	359
10	2	552
9	4	553
554	3	177
9	4	555
10	2	556
183	52	557
10	20	558
476	1	144
39	7	559
379	1	157
560	7	10
561	4	9
0	0	562
563	2	20
39	1	175
564	12	311
37	23	492
565	12	112
10	2	566
567	1	160
16	3	330
33	13	568
10	2	449
182	16	569
562	0	0
46	7	570
571	51	572
573	4	9
574	53	575
315	35	39
10	2	576
577	4	9
10	2	578
18	5	579
580	12	288
10	2	581
582	20	164
62	30	583
74	5	46
407	15	192
315	53	584
585	54	586
412	1	303
428	2	541
10	20	587
568	1	175
538	1	104
9	4	588
39	7	589
126	3	214
74	7	200
467	14	18
371	8	576
590	40	274
323	1	591
37	12	171
302	1	592
233	28	14
9	4	593
594	20	595
10	2	596
522	1	157
417	1	250
597	1	50
81	3	118
579	1	250
580	12	145
584	7	515
598	16	47
515	7	599
468	1	144
39	7	519
206	7	600
346	1	254
10	2	601
602	3	511
9	4	603
604	14	18
602	3	605
606	2	20
409	1	104
243	1	303
528	1	50
16	3	607
17	3	16
417	1	104
9	4	608
9	4	609
182	29	10
226	32	610
444	34	189
611	40	106
572	16	612
107	16	613
197	1	326
33	13	376
614	7	39
615	37	616
617	20	10
618	55	26
288	12	619
620	20	85
62	30	621
622	7	18
623	7	206
413	1	144
258	19	624
18	20	64
74	5	64
483	4	251
625	56	62
626	19	5
376	1	469
627	1	95
628	29	435
20	2	629
630	1	144
631	1	250
74	5	617
632	3	120
62	17	52
633	2	5
48	14	18
634	37	71
635	5	636
637	1	50
9	4	638
92	21	85
189	27	639
0	19	33
640	1	160
189	27	641
602	3	642
33	13	643
644	14	39
645	32	226
53	50	646
647	16	47
648	3	16
649	14	32
10	7	42
650	3	82
53	18	651
99	12	288
515	14	10
652	14	18
372	37	653
383	1	326
256	27	654
53	18	317
273	12	655
9	4	656
455	20	657
658	20	96
33	13	201
62	9	659
660	3	16
33	13	661
370	5	52
10	2	662
464	1	50
186	41	459
62	29	663
514	37	39
664	14	187
242	1	50
316	1	95
665	14	39
10	2	666
9	4	667
298	1	175
264	1	3
668	16	47
669	7	583
10	2	670
172	1	250
591	14	10
671	2	206
672	4	9
10	2	673
243	14	10
674	14	96
245	14	18
383	1	144
675	3	16
243	1	160
676	1	157
74	5	677
62	29	678
33	35	179
33	13	679
680	14	10
681	14	32
682	1	144
683	23	147
33	13	684
685	56	282
465	1	254
287	26	126
330	3	686
687	3	82
10	2	515
237	1	3
10	2	688
10	14	300
187	20	689
33	13	690
531	1	50
691	16	692
226	32	379
33	13	693
694	20	39
695	0	0
33	35	696
697	1	95
698	1	50
10	7	699
62	9	700
701	1	42
702	4	9
33	13	703
704	3	330
489	1	42
520	4	705
244	19	706
707	7	708
33	13	709
47	15	710
711	20	712
671	14	206
145	12	288
374	14	10
713	2	5
543	16	714
9	4	715
716	20	46
10	2	717
470	12	305
718	1	250
701	1	144
719	5	720
721	14	32
353	3	722
126	3	169
723	17	62
10	2	724
725	20	85
33	13	726
727	7	206
728	1	542
63	7	729
77	15	76
710	57	20
417	1	254
332	8	21
187	20	730
731	24	732
528	1	95
191	14	39
733	40	78
376	1	250
187	20	734
0	0	735
96	7	736
0	0	547
683	28	14
10	2	464
9	4	737
738	1	469
739	15	164
687	3	177
222	12	740
741	5	32
167	1	42
316	1	160
20	1	303
9	4	742
242	19	33
189	27	743
455	1	144
287	26	744
222	23	745
206	7	746
0	0	747
311	12	564
748	51	206
10	2	749
498	1	95
750	1	160
751	14	39
145	12	233
636	14	10
187	20	752
753	1	50
754	58	25
106	16	755
39	7	756
263	14	10
32	16	755
436	1	254
10	2	757
9	4	758
7	3	722
10	2	759
760	14	39
9	4	405
761	1	50
191	14	315
10	2	762
62	29	743
397	1	50
255	12	68
78	16	733
34	33	709
763	55	26
32	14	764
765	3	330
766	1	767
768	7	769
61	12	129
20	16	770
771	12	139
772	14	768
773	1	95
774	12	775
162	29	10
776	1	144
777	4	778
0	0	684
14	50	779
358	1	42
780	20	66
30	12	36
781	1	326
10	2	782
631	14	18
783	7	46
784	19	706
16	3	785
71	16	786
126	3	787
788	41	115
789	1	250
790	20	515
37	12	351
182	14	161
9	4	791
74	5	792
741	20	32
793	1	104
463	7	729
106	16	336
343	1	160
39	7	794
795	5	39
166	36	276
163	20	796
797	4	506
172	1	798
799	16	800
9	4	801
637	1	160
802	5	71
16	3	803
314	35	253
34	20	164
274	41	396
41	1	157
258	1	804
597	1	175
480	3	287
585	59	226
805	14	10
806	3	16
409	1	254
807	14	595
443	1	303
808	28	53
809	3	127
615	7	329
412	19	810
24	1	811
146	1	254
16	3	812
813	4	9
10	2	814
815	5	13
187	20	816
817	3	16
33	13	1
330	3	818
10	2	819
39	45	820
821	60	822
41	14	18
823	3	16
824	2	515
16	3	825
465	1	175
9	4	826
0	0	827
244	1	144
828	0	393
829	20	830
62	29	831
3	14	10
0	0	832
39	35	833
476	1	50
64	1	250
538	1	250
370	61	371
543	12	834
10	7	835
836	20	291
837	14	10
838	20	32
694	37	515
10	2	96
302	1	157
264	1	144
74	7	839
163	20	840
113	12	841
602	3	28
602	3	842
843	4	844
18	7	622
357	1	144
101	1	50
140	12	68
845	1	104
799	16	846
18	20	847
139	47	848
51	24	732
126	3	849
850	14	39
39	7	851
0	0	852
126	3	853
854	1	95
389	42	811
18	20	682
855	37	253
579	1	157
685	56	22
323	1	254
103	1	664
856	4	9
288	12	44
562	0	828
33	35	857
858	20	20
497	1	144
295	10	226
39	7	859
40	19	33
37	12	775
9	4	550
430	7	51
216	1	104
395	17	62
860	62	861
862	1	250
353	3	863
864	1	95
7	3	120
865	14	20
497	1	95
129	28	866
867	15	164
868	0	0
869	4	9
226	10	870
10	2	482
33	13	871
20	7	563
872	19	5
758	4	9
103	1	303
10	2	873
79	12	233
874	3	16
875	1	144
450	29	876
251	4	877
182	30	878
879	32	226
128	1	160
39	7	880
53	18	881
882	7	18
182	63	883
884	1	303
20	14	531
563	5	20
37	12	885
10	2	180
255	12	139
832	1	50
46	7	886
34	16	887
18	20	604
244	1	502
9	4	888
602	3	889
10	7	560
890	19	891
888	4	9
349	4	892
893	12	894
62	29	895
39	1	50
896	19	33
897	19	33
898	1	191
583	56	62
486	1	144
899	20	39
311	12	37
900	3	287
33	13	901
450	29	902
0	0	903
904	5	32
327	5	164
894	12	893
373	19	706
187	20	277
124	1	175
371	14	519
314	35	905
906	1	175
443	1	198
682	1	157
126	3	686
10	2	907
472	1	42
908	2	39
909	5	52
351	12	195
910	5	62
23	1	160
243	1	95
911	2	378
365	19	912
187	20	913
47	15	174
39	9	914
915	4	251
916	20	46
9	4	917
918	1	95
436	1	50
191	14	10
919	14	32
920	4	921
699	14	10
395	34	189
529	16	47
145	12	564
9	4	922
662	14	18
33	13	923
182	24	732
10	2	924
62	30	636
164	16	739
925	4	926
9	4	927
621	56	62
6	3	16
928	2	39
929	37	39
580	12	30
115	56	62
930	10	226
187	20	931
33	13	932
46	7	45
9	4	933
10	2	934
762	14	18
10	2	533
408	12	388
9	4	935
300	14	18
172	1	303
629	25	20
118	3	936
885	12	388
10	2	242
134	2	937
938	1	144
126	3	415
148	14	10
939	14	18
940	4	9
941	1	104
942	53	101
26	11	943
9	4	944
2	1	326
945	1	104
506	4	550
946	7	708
109	4	355
172	1	144
16	3	947
53	64	359
948	14	840
87	40	93
24	1	949
10	2	730
159	1	191
797	4	950
20	20	148
547	1	95
219	7	218
406	65	951
631	1	104
952	1	160
53	18	491
10	2	953
292	20	899
954	12	459
931	14	18
205	1	95
9	4	955
840	1	95
956	14	32
244	1	160
358	1	50
957	2	32
937	1	175
452	1	104
958	1	254
784	19	33
959	4	9
244	20	10
960	17	52
567	19	435
48	1	144
466	19	706
10	7	551
961	1	157
486	1	95
78	12	543
484	4	933
33	13	245
33	13	237
333	1	144
962	1	50
963	14	10
765	3	539
450	29	964
189	27	965
39	7	966
967	3	968
969	20	39
102	3	16
970	16	47
16	3	971
799	12	834
972	41	396
27	12	99
126	3	973
32	7	974
10	2	975
16	3	976
9	4	813
834	12	274
99	12	312
39	1	977
218	5	219
978	41	396
979	1	95
10	2	292
531	1	798
106	16	739
16	3	554
563	14	20
14	66	980
572	16	571
981	5	13
239	12	140
861	1	50
476	1	254
497	1	250
863	3	353
882	14	187
0	0	982
9	4	983
984	19	33
258	1	144
10	2	301
127	3	126
696	13	258
62	30	96
985	14	315
393	19	912
468	1	254
71	7	986
766	1	160
167	1	191
366	3	987
952	16	47
988	16	989
990	2	39
991	20	71
926	4	992
129	41	396
10	2	776
251	4	993
994	1	175
718	14	18
898	1	157
995	1	50
10	2	996
39	7	969
550	4	777
686	3	126
15	19	706
39	7	997
10	2	998
768	7	18
189	27	999
9	4	1000
701	1	157
572	20	20
9	4	1001
1002	65	1003
1004	1	250
10	2	845
33	13	1005
74	5	861
127	3	6
579	1	254
1006	10	183
33	13	1007
10	2	1008
16	3	1009
16	3	494
10	2	1010
33	35	1011
46	8	1012
602	3	1013
305	12	408
436	1	144
1014	14	74
0	0	497
497	1	254
33	13	1015
9	4	1016
589	14	39
676	14	937
106	12	395
62	30	1017
156	1	104
587	20	595
557	12	459
602	3	1018
251	4	1019
0	0	1020
96	45	1021
426	1	175
1022	20	10
613	40	107
71	17	62
33	13	244
1023	20	39
937	1	95
1024	7	39
233	12	29
297	19	5
978	5	62
532	12	1025
39	7	1026
502	14	39
1027	14	18
18	20	1028
33	13	1029
472	1	160
1030	20	46
177	26	744
10	2	498
861	1	175
226	32	1031
275	36	464
107	12	78
0	0	385
457	1	250
34	20	96
10	2	1032
693	5	576
1033	20	164
481	1	144
0	0	243
544	1	502
189	27	1034
1035	4	9
923	14	616
1036	4	9
62	29	1037
249	1	198
1038	37	39
10	2	1039
1040	12	60
243	0	346
220	14	18
854	1	144
1041	56	62
9	4	1042
282	1	160
206	7	671
880	2	39
234	55	26
434	1	42
126	3	687
126	3	967
79	12	140
98	20	412
617	14	18
10	2	1043
128	19	1044
775	12	69
0	0	269
1045	41	62
884	1	591
602	3	900
256	27	111
26	11	305
515	1	1046
88	37	374
1047	16	116
496	9	1048
886	7	46
33	13	1049
197	1	191
177	26	1050
33	13	1051
33	13	1052
126	3	1053
16	3	1054
371	8	21
1055	4	1056
1057	3	82
10	2	1058
10	2	307
26	11	564
1059	3	16
189	27	1060
0	0	362
1061	37	39
93	12	1062
550	4	1063
1064	14	18
493	3	126
150	19	5
567	0	0
1065	1	160
709	0	0
700	41	396
597	14	10
10	2	1066
1067	2	20
78	12	1025
9	4	1068
1069	4	9
33	13	1070
24	5	1071
1072	37	71
26	11	93
148	45	1073
197	1	1074
0	0	473
187	20	23
10	7	3
1075	1	254
417	1	144
1076	0	0
904	14	32
1077	3	120
10	2	1078
180	35	374
187	20	1079
1080	1	144
1081	3	16
46	9	487
10	2	1082
219	45	1083
189	27	1084
26	11	1085
98	20	318
1086	26	1087
33	13	205
1088	0	0
366	3	17
982	19	5
1089	14	39
1090	41	62
256	27	1091
10	7	402
47	15	560
725	14	85
353	3	1092
1093	14	515
541	20	526
1094	41	396
10	2	1095
26	11	232
1096	14	39
232	12	93
32	21	1097
287	3	16
33	35	1098
1099	0	0
177	26	1100
10	2	382
1101	4	9
1102	15	20
62	9	279
14	6	1103
1104	4	9
633	1	95
10	20	374
39	7	339
134	1	254
1105	14	71
436	0	0
550	4	1106
18	7	418
1047	17	52
484	4	1107
358	14	10
18	20	998
243	0	0
471	14	18
519	20	912
9	4	1055
1108	59	226
688	14	18
113	12	344
1109	12	112
329	45	527
1110	0	0
463	14	1111
308	20	39
137	0	1112
192	32	183
393	1	175
1113	15	1062
1114	12	557
958	1	104
352	14	39
0	0	1115
1103	0	0
419	55	26
1116	1	160
960	17	62
728	1	50
33	35	515
438	19	435
10	2	994
1117	4	9
189	27	1118
9	4	1107
602	3	1119
849	3	16
883	29	1120
1121	4	9
739	15	106
388	12	1122
16	3	1123
18	20	1082
1022	14	18
465	1	50
10	2	1124
1125	7	39
98	20	85
140	34	256
1097	13	345
602	3	1100
167	22	1126
22	16	692
9	4	1127
1128	4	9
1129	0	0
341	37	39
459	28	53
14	6	473
627	19	33
962	16	755
18	20	443
39	7	1130
150	1	175
20	67	156
128	1	42
628	29	137
775	28	53
763	14	74
18	20	643
10	2	1131
226	32	1132
1133	4	9
24	41	1071
1134	7	39
18	20	1135
10	2	1136
222	12	1137
385	1	50
187	20	1138
137	9	166
840	7	948
1139	7	18
156	1	250
33	13	421
224	12	239
1140	7	46
1141	51	708
74	5	440
1142	37	515
326	14	32
372	5	164
187	20	1143
1144	40	1145
746	14	206
275	14	764
1076	2	5
1146	12	459
249	1	160
10	7	1147
9	4	1148
21	68	1149
32	7	838
126	3	1150
945	0	828
10	2	1126
62	30	1151
6	3	1152
288	12	408
78	12	100
26	11	1153
33	13	148
1154	19	33
1155	4	9
220	1	144
1156	14	18
16	3	309
625	16	1157
316	1	42
16	3	686
567	1	50
1158	4	9
647	1	254
945	1	157
99	12	113
10	2	1159
1160	1	104
1161	60	822
386	1	42
9	4	1162
0	0	128
69	12	79
20	1	664
244	1	303
170	1	250
287	26	1163
1164	2	378
774	12	139
1165	19	1166
39	7	1167
46	7	783
1168	3	16
1097	35	703
915	4	9
765	3	1169
0	0	1110
18	20	1170
33	13	15
302	1	3
33	13	1171
894	12	99
16	3	1013
695	19	435
32	16	1172
893	12	30
25	16	47
9	4	843
195	12	84
1173	1	95
1174	16	47
1175	42	592
1093	8	21
74	7	763
351	12	203
189	27	1176
1177	1	50
347	7	18
1178	32	226
99	12	545
515	7	1179
771	34	256
1180	16	1181
1147	14	10
799	12	222
126	3	422
436	14	10
10	2	1182
708	7	18
10	2	1183
24	1	977
53	50	1184
181	1	42
774	34	256
62	29	1185
172	1	326
383	1	592
389	16	755
126	3	1186
979	1	160
396	9	106
9	4	877
197	1	3
291	35	500
344	12	545
195	12	388
1187	1	144
189	27	895
18	20	1039
370	9	1188
464	1	157
10	2	1189
1190	4	9
311	12	93
528	1	3
167	1	95
540	1	50
443	1	160
443	1	175
633	1	104
9	4	1191
39	7	1192
10	2	931
128	19	5
16	3	1193
1194	7	583
62	29	1195
39	7	1196
189	27	1197
1198	4	9
357	17	22
145	12	580
10	2	544
98	20	134
10	2	1199
18	5	468
1200	15	524
40	19	5
14	6	333
1201	16	1202
557	47	1203
172	1	191
918	1	104
1204	1	254
905	14	595
134	1	95
10	2	318
386	16	1205
532	23	1206
413	1	1074
457	33	436
82	3	177
24	37	1207
97	1	144
1208	14	187
981	1	144
627	0	0
10	2	1209
549	0	0
10	2	1210
808	12	68
6	3	1211
428	1	95
366	3	177
32	7	1212
33	13	1213
330	3	209
18	20	1214
365	1	95
249	1	95
189	27	1215
137	19	628
69	34	256
482	16	47
187	20	1216
170	14	764
10	2	1217
1218	14	764
10	2	275
39	7	1219
1220	16	1221
1222	20	46
210	41	1223
413	1	811
31	14	32
376	1	326
10	2	1224
10	2	1225
26	11	771
33	13	1226
896	0	0
871	1	104
745	1	3
522	14	764
187	20	1227
39	7	644
1154	1	50
1	19	1228
1229	2	39
39	7	1230
735	19	1231
256	27	54
154	3	7
187	20	1232
1233	0	828
20	17	62
1234	5	13
10	2	1235
129	12	55
519	20	292
10	2	1236
1237	4	9
1238	5	515
103	1	254
26	11	388
16	3	287
1239	4	9
692	15	691
97	1	104
386	1	104
682	1	254
26	11	92
1240	5	645
153	3	1241
172	1	3
128	14	10
1242	1	175
80	1	157
345	16	47
1243	14	182
1175	16	47
370	41	1188
771	12	255
39	7	1244
336	51	32
1045	5	62
33	13	152
1245	1	798
145	12	99
39	7	1246
10	2	383
597	1	324
10	2	640
33	13	97
1247	1	175
274	34	189
1248	3	353
10	2	48
20	69	327
1212	14	32
1249	1	157
216	14	10
189	27	425
602	3	687
39	7	1250
470	12	113
1251	15	158
79	34	256
1252	14	18
1253	4	9
1254	5	206
33	13	1103
1255	3	16
99	12	29
825	3	765
33	13	442
1256	43	9
74	5	793
708	16	1141
417	5	576
10	2	476
33	13	449
214	3	1018
46	16	1257
558	20	10
1258	14	768
9	4	1121
33	13	1259
98	20	1260
33	13	392
212	51	183
1261	14	39
62	29	1262
10	2	1263
384	1	175
10	2	1264
18	20	197
33	13	489
1146	52	183
171	12	841
9	4	1069
283	1	42
153	3	6
353	3	1265
16	3	817
62	30	1266
298	1	104
18	20	1199
327	20	374
119	3	330
10	2	1267
567	19	174
916	5	46
244	19	1268
92	23	88
543	16	1269
864	14	18
476	17	22
829	2	46
642	3	353
10	2	766
413	1	175
187	20	657
686	3	118
1270	14	378
1271	4	9
33	13	1272
80	1	250
1165	19	33
1129	2	5
522	1	254
1273	1	542
631	1	144
1274	7	708
765	3	825
497	1	175
9	4	1275
633	2	657
189	27	1276
58	7	32
667	4	484
39	7	1277
441	4	9
18	20	1278
10	2	1279
189	27	1280
984	1	95
463	16	1108
103	1	157
1281	19	5
10	2	963
574	13	365
1282	44	128
274	17	62
39	7	1024
602	3	367
206	16	1283
126	3	1284
142	1	95
1285	20	39
182	30	858
10	2	1286
59	12	564
699	29	10
1287	2	822
36	12	30
766	1	250
39	7	1288
9	4	1035
170	1	303
376	1	42
1289	19	5
768	7	1290
240	12	69
450	29	1291
71	7	991
26	11	203
10	2	652
150	1	250
900	3	16
18	20	1292
572	10	226
232	12	78
10	2	1293
10	2	1294
954	41	396
799	28	53
1114	12	55
342	0	0
413	1	198
10	7	1295
1296	37	378
958	1	157
182	9	487
1297	1	175
33	13	327
1063	4	1298
266	1	254
274	16	1299
106	16	611
349	4	9
33	13	567
259	19	33
33	13	1300
18	7	898
1272	1	104
255	12	69
1301	12	112
726	45	527
9	4	483
140	14	10
189	27	1302
177	26	1303
1304	4	9
24	1	835
911	5	378
258	1	254
415	3	330
531	1	104
112	12	565
78	12	92
187	5	811
9	4	1305
9	4	1306
1307	65	1003
282	1	198
107	12	93
33	35	942
0	0	1308
1309	14	32
1301	21	85
20	30	883
413	1	191
332	1	175
1310	4	9
463	10	226
1169	3	16
153	3	126
255	12	79
442	19	33
10	2	1311
436	19	33
133	4	9
418	7	18
1312	14	10
1313	2	71
640	1	254
1260	2	39
18	20	1066
10	2	1314
9	4	437
0	0	1289
93	12	99
16	3	366
450	29	1290
187	20	1315
1316	1	104
16	3	1317
994	1	254
455	1	42
10	2	876
446	26	248
91	19	706
630	1	104
49	1	250
10	2	1318
1220	17	52
39	7	1319
18	20	475
49	5	1065
216	1	191
187	20	1320
384	1	254
39	7	1321
99	12	93
109	43	406
778	4	9
1165	1	191
105	1	250
10	2	815
1241	3	177
33	13	1322
187	20	264
88	14	1323
54	38	745
753	1	144
10	2	230
187	20	458
1324	4	506
905	1	144
1325	1	95
113	12	195
1277	20	39
464	55	26
1326	19	912
234	5	52
32	7	1327
214	3	7
148	7	231
244	1	250
333	1	95
1328	19	912
1146	12	683
443	1	804
412	1	326
1030	14	718
297	19	706
284	1	175
20	14	616
302	1	191
316	1	50
371	20	10
6	3	153
896	2	5
1329	0	0
112	12	1301
557	12	1146
684	0	0
10	2	1330
428	2	10
894	21	85
1186	3	1100
60	12	1331
1186	3	287
1321	14	39
246	1	95
383	1	104
89	24	732
10	7	191
802	14	96
10	2	1332
1238	14	515
332	1	160
30	12	311
26	11	107
126	3	1333
1270	7	46
468	1	175
10	2	1334
1308	19	33
1146	12	1114
401	55	26
1186	3	82
74	5	20
938	1	175
100	16	321
135	7	1335
177	26	1336
1337	34	189
159	1	95
1093	5	378
20	1	95
150	19	435
522	5	13
187	20	1338
187	20	1339
716	5	46
62	30	1340
371	5	374
1341	4	9
413	1	157
0	0	342
484	4	517
1004	1	42
774	12	255
288	12	145
195	12	44
139	12	69
544	1	191
625	16	1342
26	11	99
126	3	1343
633	19	174
1062	12	99
39	1	1344
39	7	1345
602	3	1346
340	34	256
506	4	1324
811	14	85
408	12	30
18	20	1347
269	19	5
1348	2	258
14	6	875
18	7	528
39	7	1349
353	3	1350
46	7	916
346	19	435
250	14	32
1351	5	32
773	1	144
1352	7	39
632	3	118
251	4	1353
10	2	981
62	9	909
74	41	501
1354	43	1355
0	0	150
10	2	397
602	3	1211
932	1	50
10	2	643
142	14	764
99	12	1145
511	3	366
781	14	10
631	1	3
676	5	32
10	2	159
1356	44	412
62	30	691
292	20	1357
33	13	538
453	1	95
98	20	128
685	5	13
399	2	20
0	0	984
126	3	1358
884	5	13
1359	5	378
256	27	317
9	4	1360
304	4	9
1361	42	592
1362	20	89
926	4	778
266	2	345
282	1	250
470	12	841
216	1	50
32	41	1363
98	20	979
316	1	175
715	4	9
633	19	1364
1365	14	10
10	2	1366
62	29	1215
46	7	1140
62	30	164
33	13	728
1142	14	515
62	9	1367
703	35	1207
1071	16	47
819	1	175
1368	0	0
1369	1	949
465	1	104
187	20	302
182	55	1370
463	14	74
10	2	1371
84	12	288
298	1	160
958	1	160
745	1	469
602	3	1372
1108	54	226
33	13	328
1082	14	182
282	9	578
387	1	42
283	1	50
62	29	1373
53	50	1374
1175	55	26
694	7	39
1375	4	844
1376	4	520
468	1	42
1257	15	46
632	3	353
10	2	1377
1378	17	62
281	20	148
240	12	140
37	12	305
10	7	1379
117	3	287
187	20	1380
771	12	775
476	7	187
1381	40	954
567	2	435
71	7	1382
53	18	1383
465	1	95
395	16	1141
1384	1	144
82	26	1385
1261	2	39
1386	3	154
222	34	189
708	17	62
33	13	1387
18	20	1388
781	1	144
396	9	274
1196	14	39
77	40	76
10	2	1389
10	2	1390
118	3	154
627	1	104
417	5	13
172	0	0
127	3	154
82	26	494
10	2	1391
1392	0	0
64	1	254
16	3	1393
333	16	47
10	2	1394
214	3	126
374	7	371
170	1	191
129	12	834
189	27	1395
189	27	1396
62	30	543
33	13	833
413	1	254
579	1	3
9	4	1397
1398	52	183
436	1	104
338	1	160
496	49	1399
1400	19	33
1401	14	74
10	2	1402
62	30	71
243	19	5
145	12	29
546	1	144
167	1	798
787	3	118
1403	4	9
142	1	157
237	1	42
244	1	798
1243	29	10
39	7	1404
39	7	1038
388	12	351
793	1	95
278	3	82
88	17	62
18	20	1405
1406	3	16
1004	1	191
370	5	62
298	1	191
62	30	1407
43	20	20
48	1	175
829	1	157
769	14	768
100	28	14
9	4	1376
413	1	835
1104	4	484
33	13	918
0	0	1408
1114	12	683
1409	12	195
1410	14	20
33	13	235
1411	14	39
10	2	24
33	13	1412
26	11	1413
377	15	222
148	20	374
60	12	1040
535	12	288
1141	40	395
1414	1	160
472	1	144
10	2	134
744	26	287
412	1	798
276	7	187
16	3	82
1415	23	1179
1033	2	148
323	1	592
396	5	52
636	7	635
187	20	673
1416	3	177
412	19	1417
1418	7	39
10	2	1419
1063	4	349
602	3	1420
26	11	885
237	19	1231
242	19	5
10	2	697
834	28	14
9	4	1101
216	1	144
825	3	16
96	7	674
14	64	486
1421	4	9
1120	14	32
1326	1	144
23	1	50
187	20	1156
710	25	20
557	12	960
1422	12	55
353	3	1423
602	3	1424
1425	3	16
33	13	20
455	1	254
10	2	1426
157	14	71
258	19	1231
109	4	483
467	2	937
62	29	1427
961	20	32
128	1	469
1359	20	378
1428	4	9
7	3	967
1429	4	9
605	3	16
46	7	1430
409	1	157
489	1	542
142	1	1344
698	1	104
362	0	0
113	12	171
18	20	1431
187	20	1432
205	1	254
9	4	1433
1434	20	32
153	3	1211
219	7	1435
26	11	139
1436	4	1148
10	2	1143
1254	1	175
778	4	1063
6	3	154
78	28	14
281	16	1437
189	27	1438
1439	4	9
950	4	797
1440	7	187
593	4	9
287	26	539
10	2	1441
145	12	92
162	14	1442
18	20	46
544	5	13
10	2	468
1443	4	9
890	19	33
39	7	1444
1263	14	10
39	7	1445
33	13	631
403	14	764
192	10	183
353	3	1446
408	12	288
585	15	255
619	21	85
74	5	1208
98	20	1061
302	1	326
10	2	773
20	30	858
726	29	20
777	4	1019
824	2	206
104	14	10
388	12	30
10	2	12
258	1	175
189	27	1447
1448	14	18
376	1	144
24	1	882
383	1	157
1449	7	18
10	2	1135
1450	2	378
16	3	1451
1452	4	9
406	43	9
33	13	1453
906	20	653
10	20	541
10	2	1218
1454	15	775
929	7	39
954	12	1025
274	16	461
884	1	3
39	7	474
192	12	1455
697	14	18
49	1	42
20	7	43
1456	4	9
1457	33	152
1458	19	33
39	7	1459
1460	20	10
142	45	527
468	1	95
401	42	811
10	2	282
98	20	1075
254	14	39
285	1	157
889	3	16
1461	1	175
164	17	52
96	7	658
1243	5	182
979	1	50
1462	14	148
366	3	967
9	4	236
778	4	844
919	20	32
793	1	160
1463	5	13
619	12	203
1464	5	96
46	7	1465
522	1	175
302	1	144
146	0	0
1062	28	14
1466	1	50
709	19	33
1467	3	16
455	20	10
1468	19	5
249	1	664
633	1	50
544	1	42
18	14	1460
704	3	177
10	2	257
18	20	873
16	3	1469
24	16	47
246	1	160
1470	56	62
417	1	469
1471	7	187
10	2	348
187	20	1472
16	3	1473
33	13	1474
219	7	1369
10	2	1475
988	17	62
26	11	240
1476	4	9
597	1	591
98	20	515
112	12	203
189	27	678
187	20	1477
139	12	255
33	13	598
172	1	469
115	5	62
113	12	29
350	4	1063
24	1	50
1478	5	32
139	12	340
187	20	1479
160	14	10
366	3	415
16	3	823
1480	3	7
187	20	1481
254	14	10
347	32	226
589	2	39
1482	15	1483
531	1	157
62	29	1484
386	7	1485
10	2	1292
92	12	99
647	1	50
442	1	144
492	14	10
82	26	248
10	2	1486
7	3	126
1165	1	95
754	2	46
1487	4	9
1040	12	1488
528	1	175
98	20	530
53	6	359
371	5	182
33	13	316
760	14	830
33	13	91
211	23	1489
1065	19	449
0	0	1233
567	1	95
1065	7	49
18	20	323
10	7	162
235	1	50
1490	20	39
244	1	95
9	4	1491
444	23	1164
32	1	542
0	0	453
62	29	1492
33	13	1493
39	1	664
10	2	1494
203	12	30
9	4	1495
890	19	1228
1308	0	345
1496	19	5
26	11	100
937	1	157
18	20	631
189	27	663
320	13	258
598	1	144
941	1	95
1497	3	118
1075	1	95
264	1	175
62	29	1498
1499	20	10
1500	3	16
1501	7	46
1502	33	359
37	12	112
132	1	104
69	20	463
106	17	62
10	2	1503
2	1	250
33	13	137
10	2	1384
219	16	1083
128	29	10
1266	16	1504
99	12	27
1151	5	62
1505	7	515
251	4	1506
24	1	502
1316	62	861
489	1	160
723	10	226
33	13	1165
351	12	388
96	7	1507
46	7	1508
1509	14	39
57	19	435
1465	7	46
1043	7	418
472	33	0
0	0	436
6	3	177
0	0	57
535	12	351
1249	1	175
32	7	681
323	1	469
9	4	1310
937	1	104
1510	40	92
20	14	764
1511	14	18
1040	21	85
174	1	144
631	1	42
1512	20	39
10	2	1513
9	4	1514
893	12	351
841	12	619
0	0	1515
18	20	220
494	26	1516
53	18	485
1517	7	46
627	19	435
226	7	347
10	2	1147
602	3	968
778	4	484
797	4	9
1518	3	16
378	35	164
703	44	345
1313	14	71
954	12	543
65	37	39
845	1	175
346	1	157
10	2	753
47	15	538
10	2	1519
1520	7	32
353	3	1521
1522	4	9
790	20	315
226	32	463
33	13	796
26	11	545
538	1	303
781	19	5
549	19	1523
65	20	374
39	1	804
18	20	1311
384	1	144
37	12	470
113	12	145
164	7	163
341	7	39
1524	7	39
39	7	1525
7	3	968
126	3	1526
33	13	1527
189	27	1528
220	1	50
32	7	676
673	60	822
884	1	160
240	28	53
790	1	50
884	1	157
212	54	226
412	1	50
223	12	106
543	34	189
20	16	47
865	2	20
1529	1	160
395	17	52
248	3	82
295	32	226
413	1	42
10	2	23
1076	1	95
170	1	95
734	14	18
187	20	579
10	2	682
1047	16	788
287	26	82
982	0	0
802	5	96
1530	20	10
162	16	1531
288	23	162
1532	38	1533
340	12	775
9	4	1476
33	13	1534
165	12	84
98	20	790
545	12	113
333	19	5
9	65	1535
10	2	964
20	7	1536
366	3	936
0	0	890
585	61	371
71	7	634
412	19	5
98	20	162
10	2	261
33	13	1218
1537	15	444
1033	14	164
126	3	6
18	14	381
366	3	1538
1539	4	9
602	3	6
33	13	1540
1103	1	95
1541	14	18
0	0	442
10	2	546
602	3	16
1272	1	50
1542	54	586
10	2	142
1181	51	1180
53	50	1543
10	2	39
160	14	39
226	32	1544
197	1	42
40	1	175
1243	2	1066
449	1	250
10	2	1545
9	4	1546
1547	4	9
33	13	1231
1289	1	50
1076	19	5
1272	1	157
0	0	297
16	3	1548
189	27	1549
156	7	187
924	2	541
18	20	275
253	35	963
33	13	738
468	1	104
9	4	1550
10	2	5
113	12	112
298	1	326
845	19	33
187	20	1402
1551	15	315
900	3	82
16	3	1406
433	1	95
557	12	683
583	1	50
96	16	1552
119	3	353
1553	5	62
737	4	9
18	20	1554
16	3	1555
33	13	1095
1146	12	557
172	14	18
1316	14	18
1058	14	18
489	1	254
1358	3	177
9	4	1556
1122	12	893
618	1	50
33	35	574
1557	1	104
187	20	1558
177	26	1559
450	29	1560
33	13	1561
33	35	963
521	7	206
241	46	242
686	3	120
1236	14	78
464	1	254
185	29	66
16	3	675
1065	1	175
535	12	30
9	4	456
630	1	469
550	4	992
909	56	62
453	1	144
832	1	104
160	14	32
287	26	1562
1530	29	10
251	4	483
1537	61	541
46	1	1563
775	12	771
32	7	73
775	16	1454
763	30	878
71	7	802
189	27	1498
1431	17	22
1047	17	62
345	0	150
689	14	18
226	32	1564
417	1	50
1033	20	39
197	1	664
1565	37	39
10	2	302
1566	1	144
164	7	372
148	45	527
112	12	408
129	16	1567
1254	20	148
10	2	579
9	43	1355
1568	38	822
1180	16	1569
1570	4	9
39	17	62
1571	4	9
1572	20	39
1075	14	10
721	2	32
599	14	515
177	26	1573
91	19	33
387	1	104
450	29	25
938	1	50
442	1	50
33	13	784
1326	0	0
128	19	1523
9	4	1574
340	55	1370
1575	20	39
206	7	521
572	32	226
412	1	160
1217	1	254
276	5	13
226	32	1576
120	5	13
10	2	1577
10	2	345
33	13	508
16	3	361
1126	1	50
0	0	237
695	1	50
496	56	62
9	4	1578
388	12	165
137	62	861
24	1	3
497	19	706
1579	4	9
187	20	1580
736	2	822
10	2	1581
10	2	1582
33	13	1583
528	1	254
388	12	885
10	2	1584
73	2	32
323	7	187
187	20	263
39	7	1512
1514	4	9
572	17	52
10	2	1585
39	7	1586
1587	15	281
16	3	1588
39	7	313
1589	35	314
854	1	175
1457	1	254
26	11	59
1120	5	32
9	4	1590
1591	19	5
106	41	396
10	2	1592
520	4	550
20	14	1593
10	2	1594
103	1	3
30	12	535
1595	14	18
1457	14	10
1596	57	20
419	16	47
10	2	188
124	1	95
226	32	1597
580	21	85
1187	14	764
33	13	1065
153	3	1386
105	1	144
124	1	250
768	9	1598
1054	3	16
1062	12	29
815	1	95
858	9	763
396	5	62
98	20	492
1599	1	144
1600	3	177
69	12	224
30	12	288
436	1	157
9	4	1601
74	7	1602
1603	37	703
997	7	39
39	7	1261
132	1	157
118	3	818
1349	2	39
33	13	333
827	0	0
282	1	3
9	4	1253
33	35	1604
1605	4	9
49	1	160
177	26	1562
46	45	1606
10	2	1187
10	2	1607
1608	3	353
298	1	254
10	2	1609
246	1	254
417	1	175
281	7	329
1610	0	0
10	2	1611
1612	5	46
33	13	297
16	3	1613
43	1	175
1614	14	18
557	17	62
636	44	345
87	15	93
97	1	250
33	13	640
463	55	26
187	20	884
49	1	157
1125	20	39
39	7	1615
1616	20	636
62	30	625
602	3	119
219	16	212
226	32	645
195	21	85
1050	26	177
33	35	39
450	29	48
6	3	118
10	2	41
33	13	626
33	13	1617
9	4	844
466	1	95
189	27	1618
349	4	520
10	2	1431
850	2	39
554	3	287
1619	4	9
74	5	1173
148	7	1462
84	12	37
1620	20	89
189	27	1621
62	9	910
33	13	832
9	4	1622
918	14	18
282	1	664
1623	3	353
120	3	1100
1025	12	532
18	20	693
41	1	144
1212	5	32
459	52	183
828	0	0
557	52	183
693	2	500
1122	12	311
143	20	10
152	19	810
1047	10	226
10	2	1254
62	29	1624
29	12	37
375	14	315
9	4	1625
187	20	1626
345	19	174
14	6	244
48	1	104
464	1	250
468	1	50
1258	5	291
147	20	905
1289	1	144
9	43	109
526	8	21
865	5	20
183	28	53
152	1	835
297	1	175
1361	42	985
1151	5	768
33	13	1627
14	6	852
459	12	960
1529	14	71
430	7	329
1628	2	822
839	14	18
937	1	144
1418	5	39
33	35	331
1629	14	515
90	1	95
1318	70	345
10	2	138
62	29	1630
0	19	706
769	20	712
1631	60	822
67	0	828
62	29	1176
18	7	220
1119	3	16
1226	0	0
1177	1	175
42	14	39
30	12	1122
240	12	808
62	9	1632
979	1	104
957	14	32
636	53	1633
910	56	62
224	28	53
1634	19	435
10	2	1635
600	14	206
126	3	968
289	71	9
1489	1	104
10	2	1636
1103	1	42
10	2	1637
53	50	1638
69	12	240
187	20	1639
226	32	572
1167	14	39
640	1	157
9	4	1640
24	1	1641
18	20	706
1361	42	811
1082	14	18
185	56	62
59	12	93
408	12	1109
53	50	1642
20	14	71
92	12	29
219	16	1643
1644	14	32
226	32	1645
18	20	142
460	7	18
945	1	50
47	15	883
197	1	104
53	18	1646
1272	14	10
1647	4	9
285	14	74
619	12	99
10	2	325
498	1	104
10	2	1648
1483	34	189
1649	20	39
522	1	160
775	12	68
1650	14	39
189	27	1651
567	1	104
1445	7	39
412	0	0
1400	19	5
189	27	1652
16	3	1653
139	34	256
20	30	878
10	2	689
33	35	1228
305	12	288
412	1	542
1654	20	39
33	13	1097
374	7	65
148	45	1655
756	5	39
1529	1	50
282	1	104
9	4	1656
210	9	1223
177	26	1057
277	1	95
283	19	33
74	41	1657
799	23	1658
531	1	95
1659	9	1660
781	1	157
10	2	1661
222	12	799
18	20	1662
950	4	1647
9	4	1663
62	30	88
1113	15	1027
33	13	96
33	13	1014
62	29	1664
9	4	921
515	35	703
464	1	303
772	14	515
33	13	1665
409	1	95
16	3	1666
18	7	1466
351	12	535
14	6	137
1667	19	5
0	19	1231
10	2	1668
1669	17	22
681	5	32
923	1	254
458	1	50
832	19	5
80	1	42
110	4	9
765	3	16
129	16	1670
74	7	125
766	1	144
10	2	428
1020	19	5
10	2	796
183	52	459
226	32	1671
1672	1	50
16	3	1673
39	7	1674
396	9	834
686	3	366
1466	7	18
766	1	157
1367	41	62
233	12	1062
65	5	374
2	1	42
1165	19	5
412	1	144
630	1	42
33	35	1675
1676	15	1677
963	1	254
401	42	592
409	1	160
1106	4	550
39	7	1678
1679	32	226
298	1	157
1321	5	39
62	30	129
39	7	1411
854	0	0
288	12	30
298	1	50
48	1	254
192	12	106
273	12	192
393	0	0
33	13	1281
1207	35	39
845	19	706
90	1	175
20	5	1593
1545	14	18
18	20	981
408	12	99
10	2	15
92	12	1062
18	20	1004
1680	45	527
1388	36	276
1681	19	5
906	1	157
778	4	926
1557	14	18
16	3	1682
37	12	145
24	1	144
187	20	1683
941	1	191
1209	2	10
206	7	727
20	1	250
544	1	157
1004	1	104
10	2	246
330	3	1372
1684	0	0
834	12	459
92	28	14
824	2	32
177	26	513
1056	4	1055
9	4	915
1314	72	822
71	7	147
583	7	1685
1686	1	50
489	1	191
754	2	1593
332	1	254
96	35	905
620	32	20
235	1	250
1687	0	0
10	2	1688
33	13	830
753	16	47
1444	14	39
1489	2	32
722	3	7
10	2	1689
10	2	1690
690	19	5
150	19	245
1612	14	74
99	12	408
1536	14	20
204	34	189
524	16	1200
713	0	0
203	12	113
1145	16	1691
148	16	1692
10	2	1693
376	1	104
284	19	5
44	12	30
486	0	1694
223	12	129
33	13	337
385	19	33
1695	46	684
1363	16	47
71	7	1696
1697	2	39
10	2	995
25	58	282
1698	15	1145
9	4	1190
1699	20	39
187	20	552
1700	4	9
845	1	50
861	20	10
120	3	936
526	29	10
366	3	480
16	3	968
10	2	661
450	29	206
10	2	710
1636	1	254
10	7	592
38	2	39
96	7	474
205	0	828
187	20	1701
87	15	463
126	3	1702
1180	16	1703
9	4	252
738	1	95
0	0	1561
24	1	250
10	2	1704
14	64	15
1177	1	104
46	45	1705
1706	3	16
244	1	191
1561	19	33
10	2	418
216	1	160
829	1	175
226	32	1707
233	52	78
40	1	160
39	7	694
602	3	849
747	19	5
766	1	191
1414	1	95
10	2	258
33	13	1318
135	7	272
1708	14	18
1685	7	583
53	50	1709
1710	2	39
68	12	139
766	1	198
1004	1	50
1384	1	175
1308	19	912
514	7	39
1711	14	18
1589	44	345
415	3	177
53	18	1712
1246	1	95
46	7	1501
376	1	175
1713	15	164
525	14	378
231	37	322
979	1	42
1698	15	389
1	19	33
1372	3	330
353	3	642
735	2	5
1714	4	9
867	15	32
303	14	315
541	5	526
801	4	9
484	4	1019
832	19	33
137	0	0
1272	1	144
529	37	148
1715	37	39
128	19	810
33	13	374
924	20	162
10	2	1716
550	4	506
724	14	18
1717	19	33
1266	12	799
62	29	1718
463	16	1113
753	1	157
282	9	23
1649	5	39
1719	4	9
39	7	1699
16	3	1720
351	12	165
39	7	65
1327	14	32
16	3	1721
39	7	1722
1723	4	9
946	5	708
43	1	157
1724	16	47
24	1	95
0	0	1088
33	13	668
311	12	893
226	10	148
550	4	484
187	20	1124
82	26	1100
1725	2	148
10	2	1726
787	3	7
33	13	466
162	14	1727
20	67	1218
1061	7	39
93	28	14
1343	3	154
10	2	1728
277	1	175
1729	20	39
1730	5	62
124	1	254
455	20	1229
950	4	1298
62	29	1731
178	5	66
15	19	174
1065	19	5
242	1	144
115	9	788
9	4	1341
62	30	1378
340	28	53
39	7	1649
1004	1	254
771	47	1532
1295	14	10
832	1	160
53	18	1732
9	4	1733
489	7	187
567	1	254
1734	20	39
1506	4	9
10	2	622
745	14	10
10	2	1735
371	5	576
33	13	1736
1737	20	148
174	16	47
358	14	206
62	29	1276
18	7	1291
60	12	543
255	55	1370
233	12	145
47	15	282
962	1	144
1270	2	46
100	12	233
327	14	530
172	19	174
538	1	50
74	5	162
33	13	757
39	14	10
16	3	1738
562	19	5
9	4	1421
412	19	435
754	2	345
183	52	129
239	34	256
754	17	282
206	16	613
10	2	1401
1527	16	47
187	20	953
950	4	778
33	13	1684
9	4	869
187	20	1287
386	7	187
85	2	1739
655	12	799
549	1	254
1740	5	62
16	3	1741
1505	5	515
1742	14	39
1249	1	95
302	1	160
602	3	121
189	27	267
557	12	1114
1286	14	18
33	13	530
854	19	5
385	19	5
10	2	1743
1634	62	861
18	20	1243
10	2	1744
1586	20	39
789	14	18
1050	26	287
1745	4	9
137	19	5
302	1	175
74	5	1218
79	28	53
1531	73	162
9	4	1746
1116	1	254
356	20	32
858	9	20
9	4	1747
1414	1	254
1145	20	463
39	7	1418
187	20	1748
1186	3	936
311	12	288
1296	5	515
99	28	14
9	4	1749
691	17	62
937	1	198
24	36	276
864	1	50
39	7	1750
956	20	32
805	14	161
187	20	544
9	4	260
10	2	630
1751	4	9
1590	4	9
535	12	311
985	14	10
266	1	42
1042	4	9
10	2	636
462	3	118
32	16	1752
302	1	254
1679	16	692
345	19	706
953	14	18
458	1	95
1321	2	39
1057	3	177
273	41	396
60	12	311
1753	3	126
210	56	62
187	20	1754
197	1	157
62	29	1755
1122	12	37
241	1	104
668	1	191
10	2	680
33	13	1756
528	1	191
10	2	1757
39	7	1758
226	32	1759
333	1	250
1222	7	329
226	32	557
1760	19	5
538	1	160
39	7	1761
1148	4	844
1099	62	861
829	14	46
1762	62	861
62	29	1763
16	3	1518
74	5	1764
302	1	949
474	14	96
301	1	250
455	1	95
10	2	1683
189	27	1427
10	2	633
92	12	78
1649	7	39
1099	1	50
1536	20	20
226	32	51
121	3	287
1455	12	192
144	14	378
33	13	1765
1766	51	625
1749	4	9
37	12	27
1109	12	408
1767	60	822
69	12	774
1768	14	583
1769	3	16
126	3	1770
1562	26	287
62	29	1771
773	1	191
775	12	255
731	74	526
16	3	28
40	1	95
1165	0	0
18	5	103
938	1	104
71	7	1772
182	7	1201
1247	14	74
269	19	1773
1774	5	13
33	13	896
845	1	469
1775	3	353
158	16	1251
802	20	66
1684	19	33
1776	7	39
958	33	359
10	2	1777
530	7	620
1062	12	232
16	3	310
187	20	1235
10	2	1242
9	4	1778
476	1	250
476	5	13
237	19	5
10	2	1669
84	12	165
46	8	1779
62	30	1780
1631	5	720
498	1	254
10	2	855
187	20	1781
10	2	1782
674	2	96
799	34	189
885	12	37
10	20	1783
1777	14	74
353	3	1623
302	1	250
558	29	10
10	2	403
1784	14	39
222	17	62
10	2	1785
121	3	82
1786	4	506
9	4	1787
33	13	1629
26	11	211
10	2	734
226	32	870
482	5	13
1788	3	177
30	12	565
187	20	1789
323	1	250
129	17	62
919	5	32
1583	1	50
781	0	0
1790	14	71
1553	29	1206
1791	2	378
415	3	126
1388	1	50
9	4	1792
0	0	1281
10	2	1793
91	0	0
311	12	59
991	14	71
231	5	148
845	1	95
37	12	195
216	5	103
884	1	324
1794	13	345
1247	20	595
386	75	1363
834	16	1713
1795	2	1097
182	5	1739
1796	19	5
10	2	1797
1296	14	515
9	4	86
18	14	1022
1798	4	9
10	2	1139
0	0	633
187	20	1252
14	64	875
10	2	1287
4	19	5
735	0	0
994	14	764
18	20	1236
631	1	1641
1799	44	497
20	46	1800
540	1	254
129	34	189
768	7	1258
750	1	144
166	1	50
453	1	50
444	28	14
434	1	160
1801	32	226
1238	2	515
1422	28	14
950	4	1802
120	3	287
1406	3	177
16	3	1803
33	13	1804
345	45	527
1805	19	5
33	13	1236
137	0	1308
570	5	378
68	12	255
387	1	95
33	13	522
531	1	198
74	5	32
20	1	175
189	27	1806
16	3	1600
46	7	1807
3	14	315
1115	0	0
148	45	1692
10	20	1808
365	19	5
633	19	1809
442	1	95
0	0	709
368	1	157
26	11	239
1677	16	1676
10	2	1810
883	29	497
172	19	245
187	20	460
705	4	9
376	1	160
65	14	39
26	11	1811
462	3	330
274	52	183
884	1	95
18	7	1812
256	27	1813
1814	3	16
33	13	1044
478	7	46
126	3	1815
1816	5	62
327	2	515
285	45	527
528	1	157
10	7	374
412	19	245
396	9	1109
18	20	618
26	11	1109
374	7	88
1040	12	311
933	4	844
148	7	1817
1338	1	144
635	20	636
834	12	543
998	1	50
618	20	39
62	29	1395
1677	5	52
60	12	59
325	19	706
68	12	140
170	1	254
10	2	1818
258	1	157
95	14	10
33	13	754
62	30	988
288	21	378
1027	16	1113
62	30	1470
636	7	499
1186	3	177
188	60	822
463	5	32
497	1	50
9	4	1819
197	1	469
1082	7	187
1392	19	891
960	12	954
415	3	287
197	1	303
9	4	993
992	4	9
33	13	1820
399	5	20
10	2	1774
446	26	17
33	13	1821
192	12	76
72	5	71
33	13	1329
288	12	351
538	1	157
408	12	112
349	4	484
861	14	18
945	1	144
96	7	1075
1822	71	9
187	20	1823
1761	20	39
721	5	32
187	20	1363
1629	5	497
629	76	20
1629	1	250
240	7	763
1236	14	74
828	0	1796
455	14	18
39	7	1824
631	1	50
1825	22	1826
60	23	162
544	1	804
16	3	1169
1827	40	129
765	3	1092
20	20	374
1761	5	39
10	2	1523
163	37	164
1828	4	9
794	20	39
287	26	825
1752	51	32
524	16	1829
1830	4	9
195	23	1351
14	6	172
9	4	290
126	3	1831
438	19	5
358	37	1207
1822	4	9
582	37	595
735	1	160
33	13	1785
800	40	799
408	12	545
33	13	412
1832	17	62
353	3	1833
515	53	1834
1016	4	9
1835	7	46
683	12	557
1376	4	9
26	11	69
590	15	274
412	1	198
10	2	263
145	12	30
945	1	95
834	12	683
1599	1	50
1363	58	419
211	12	774
1836	19	5
459	41	186
10	2	1837
1838	4	9
62	29	398
211	12	139
33	13	1839
877	4	9
156	14	764
207	2	206
9	4	350
567	19	706
1840	14	515
1817	5	148
62	29	1841
16	3	1842
1408	19	5
9	4	355
486	2	5
359	19	1268
129	12	223
33	13	1843
211	12	775
1715	14	39
105	1	104
0	0	416
46	1	1844
33	13	1458
1019	4	484
433	16	47
33	13	1845
33	13	138
39	7	1575
693	17	282
482	14	10
126	3	1846
750	5	13
1378	17	52
1275	4	9
10	2	1847
244	1	664
710	16	47
1848	14	18
686	3	642
718	1	160
10	2	43
486	0	1112
284	1	144
316	1	303
1583	16	47
39	7	1524
10	2	1849
1850	7	39
606	14	20
1851	4	9
1852	4	9
557	32	226
187	20	1853
14	6	497
1004	1	175
9	4	1375
89	24	136
120	3	82
99	12	37
1854	51	386
0	0	1796
79	12	775
226	32	1855
30	12	195
62	29	1438
10	2	156
1219	2	39
1109	17	62
314	35	1794
1856	19	33
9	4	1857
9	4	1745
18	20	596
960	28	14
1858	16	47
412	1	42
10	2	731
371	14	764
1262	37	1207
210	5	62
1859	41	62
578	5	13
78	12	107
0	0	828
189	27	1860
84	20	463
436	1	250
1290	20	1861
1705	73	46
668	1	160
243	19	33
266	1	104
33	13	497
162	14	308
33	35	530
10	20	128
18	20	276
9	4	429
187	20	862
178	14	179
790	5	315
405	4	9
39	7	1715
10	2	1862
1297	1	144
1109	12	113
323	1	985
117	3	330
24	1	254
0	0	1226
33	13	5
1863	4	247
20	1	160
242	1	95
187	20	1607
113	12	30
151	14	39
371	20	1229
216	1	254
994	1	157
1246	14	39
773	1	160
10	2	701
511	3	7
884	1	469
1576	10	226
142	1	798
469	14	10
39	7	1864
455	1	326
235	1	254
197	1	144
42	14	32
1105	20	71
1338	1	50
6	3	1150
1865	1	104
1359	7	46
26	11	140
1866	1	95
189	27	1867
567	1	191
463	16	1691
834	12	655
206	14	10
113	12	203
1266	23	948
201	1	50
453	1	254
1668	1	157
1220	16	1868
143	14	18
893	12	1122
201	0	0
763	7	1247
545	12	344
640	1	144
107	12	239
434	1	50
787	3	353
379	1	50
74	5	1243
126	3	1869
33	13	1468
10	2	1870
602	3	480
33	13	1417
26	11	1871
1790	20	515
24	1	1872
62	29	1873
562	1	50
26	11	113
781	19	33
266	1	157
515	7	790
1196	2	39
790	20	66
1874	20	46
32	7	741
187	20	1875
275	7	187
1464	14	96
187	20	1876
1306	4	484
9	4	892
531	1	250
1877	55	26
434	1	1074
1018	26	513
9	4	1570
62	30	135
26	11	288
415	3	120
69	55	1370
16	3	493
20	7	187
594	14	636
187	20	1878
10	2	1879
1054	3	330
204	17	62
187	20	939
1054	3	118
765	3	81
10	2	1880
1384	1	50
177	26	248
1833	3	353
189	27	1881
1297	14	18
316	1	326
23	1	250
472	2	412
962	1	160
1042	4	844
9	4	1723
343	1	175
1668	1	50
489	1	3
1882	20	328
845	19	5
459	12	683
0	0	283
68	12	808
16	3	6
153	3	686
1092	3	82
531	1	811
222	16	377
20	7	1410
62	30	1180
262	14	18
10	7	216
452	1	175
597	60	822
1883	37	378
1080	14	845
239	12	775
893	12	311
627	1	157
366	3	16
16	3	1884
1345	8	924
544	1	303
189	27	1885
1263	38	745
10	2	1886
557	10	22
239	12	224
9	4	1887
0	0	1329
33	13	1308
30	12	99
883	29	963
40	1	50
619	12	388
464	1	3
1038	14	39
100	12	29
686	3	16
1201	7	1739
430	20	912
16	3	422
187	20	428
1888	3	353
909	5	62
1889	4	9
631	1	191
1120	37	574
98	20	1672
48	1	95
10	2	647
1151	20	712
33	13	624
387	1	250
832	1	42
781	1	175
9	4	1890
187	20	1486
112	12	44
1206	37	253
10	2	1891
16	3	1892
18	20	32
20	14	1893
884	1	104
463	16	729
148	7	1033
9	4	110
1894	3	16
1895	2	345
1817	14	148
49	1	175
187	20	1716
10	2	918
1460	14	18
1896	7	39
33	13	902
24	1	198
177	26	1897
947	3	16
16	3	1057
248	3	494
1455	12	1266
222	16	1141
187	20	1614
10	2	1898
841	12	1109
10	2	1320
10	2	1899
1423	3	177
16	3	1900
1901	4	9
187	20	439
609	4	9
524	52	183
775	55	1370
540	19	5
778	4	506
592	14	10
426	5	39
33	13	1228
10	2	1902
1180	17	52
754	2	98
346	1	160
16	3	1815
602	3	1608
195	12	288
39	7	1903
565	23	162
0	0	567
10	2	427
1080	1	175
631	1	95
118	3	1054
371	22	327
505	12	59
220	1	250
486	19	810
7	3	889
26	11	255
18	7	882
10	2	1161
1517	5	46
106	12	1114
82	26	1904
99	12	619
154	3	118
412	1	191
937	1	977
918	1	175
175	14	10
10	7	591
39	7	1023
898	1	175
1816	41	396
619	12	37
197	1	835
709	62	861
0	0	1905
597	1	402
9	4	1786
768	7	836
18	20	912
753	1	104
625	16	1906
1689	14	18
911	7	46
1470	41	1240
9	4	1889
33	35	1907
148	16	1908
619	12	288
359	19	690
333	1	175
1057	3	16
10	2	1388
33	13	1909
153	3	1910
297	1	160
39	7	1911
10	2	409
156	1	254
462	3	16
1747	4	9
10	2	1912
76	12	255
172	1	254
655	12	1025
775	12	211
1108	61	371
775	12	140
1146	28	14
9	4	1913
1562	26	1087
1233	0	0
784	19	5
745	1	254
898	1	95
274	28	53
1914	14	20
33	13	1915
1916	20	32
1063	4	550
9	4	1456
432	19	33
10	2	941
39	7	1917
1431	14	764
24	1	592
16	3	605
1482	15	463
463	16	87
16	3	1918
33	13	434
572	17	62
256	27	491
1099	1	144
384	1	95
703	35	1794
1919	3	120
1920	4	9
33	13	1921
1599	14	18
0	0	15
793	1	42
26	11	1922
465	1	42
98	20	745
18	20	454
0	0	1923
37	12	388
187	20	1249
376	1	95
9	4	1019
0	0	244
353	3	1924
39	1	3
298	1	3
9	4	1925
1635	14	18
159	1	144
134	20	85
226	32	879
383	1	42
766	1	104
10	2	1234
177	26	17
598	46	1515
163	20	71
664	7	18
476	1	95
33	13	1926
10	2	1927
62	29	1928
445	15	444
46	7	1929
693	14	764
10	2	412
795	7	39
18	20	994
10	7	1930
10	2	1931
126	3	1092
442	1	250
1932	5	20
664	14	46
10	2	1471
1087	26	287
182	14	1739
14	6	1165
268	0	0
1065	1	50
704	3	16
266	1	175
9	4	1933
62	30	557
62	30	158
1934	4	9
760	14	595
10	2	1935
10	2	1175
18	7	1380
401	42	985
137	0	1165
62	29	641
18	20	1936
532	28	53
311	12	1040
875	1	50
484	4	1306
1041	41	62
486	19	1231
164	7	582
10	2	1937
1351	14	32
24	1	104
258	1	95
113	12	545
550	4	1938
1939	5	62
126	3	1940
33	13	615
866	50	779
1040	12	59
39	7	1734
1465	2	378
9	4	1901
10	2	1941
268	19	5
33	13	623
285	1	250
16	3	1942
1943	12	99
47	73	5
914	5	531
46	7	525
62	29	495
10	2	19
33	35	1944
1945	14	39
124	1	1074
1137	16	321
104	14	378
10	2	166
16	3	120
1529	1	175
33	13	146
33	13	1946
62	30	281
323	1	191
33	13	291
33	13	845
303	14	378
434	19	5
1947	4	9
16	3	1948
65	20	378
264	1	104
1201	16	1949
182	7	1243
9	4	1950
101	1	175
415	3	118
189	27	1195
62	29	965
905	35	314
1108	39	371
287	26	446
128	1	95
30	12	1409
187	20	1294
40	1	469
39	1	949
15	1	160
32	7	1520
33	13	1080
386	5	62
1951	14	148
1204	1	144
884	1	175
396	9	740
1678	20	39
80	1	191
458	1	254
386	14	74
82	26	1516
464	1	326
1384	1	95
156	1	160
962	1	157
20	7	1914
1952	2	39
775	12	239
1780	45	1953
233	12	92
9	4	1954
92	12	233
836	14	768
9	4	1547
369	3	154
10	2	486
1375	4	9
249	1	3
597	1	95
187	20	1886
33	13	1877
950	4	1787
630	1	160
10	2	1955
39	2	822
109	4	892
1794	35	703
1151	9	321
26	11	1956
62	29	1197
1527	19	5
1957	20	32
974	2	32
10	2	1489
768	7	1958
544	1	144
235	1	157
46	7	1791
187	20	1959
1	0	0
29	12	145
263	60	822
9	4	1960
941	14	18
16	3	1500
440	14	18
591	14	32
776	1	50
358	22	378
273	34	189
1004	1	144
10	2	1028
162	17	256
727	20	206
26	11	470
137	0	828
159	14	18
256	27	1532
109	4	1133
39	7	1125
39	7	1961
32	7	1957
794	5	39
954	12	960
10	2	1853
364	1	254
189	27	1962
474	14	39
62	29	1963
1617	57	235
1681	19	33
697	1	254
517	4	9
366	3	121
1790	14	291
619	12	113
10	2	1496
1076	1	160
815	1	50
33	35	905
1409	12	37
1690	14	18
906	1	104
10	2	1964
273	16	1965
1122	12	388
412	1	104
1725	14	148
1865	1	175
1391	14	764
100	12	1062
1966	4	9
37	12	1109
181	5	20
630	14	764
39	7	114
1776	20	39
10	2	1297
1967	4	9
9	4	1271
1616	14	636
1311	14	18
251	4	1495
109	4	1863
1750	7	39
33	13	860
74	5	1466
10	2	1968
249	1	175
42	14	10
459	23	1969
515	7	1970
62	28	53
9	4	719
1151	9	1971
33	13	1972
9	77	1973
16	3	1974
251	4	915
1975	4	9
10	2	938
1976	29	71
1977	7	39
1978	4	950
898	1	160
97	1	175
98	20	332
967	3	82
1	62	861
1629	1	3
129	16	1979
1980	4	9
413	1	303
20	1	326
1981	1	50
771	12	240
26	11	619
1982	14	74
1613	3	120
1983	24	732
22	16	47
99	12	894
811	14	10
32	16	611
452	1	50
98	29	1776
793	1	175
1984	20	39
686	3	330
1985	14	18
24	17	282
515	7	1296
1681	1	50
542	14	187
1986	13	453
93	12	60
60	12	93
819	1	144
39	7	1987
391	2	20
1145	16	1988
74	5	1064
37	12	113
412	45	527
682	1	469
20	69	1603
443	1	664
753	1	254
1583	1	144
62	29	1989
1965	40	273
9	4	1304
505	12	1871
1234	14	18
187	20	528
923	1	175
29	12	113
1883	14	378
10	2	1990
10	2	225
145	12	1062
1629	1	326
43	1	144
837	14	32
1717	19	435
499	37	636
323	1	402
33	13	1991
258	1	160
10	2	1992
244	1	469
55	12	1137
10	2	1993
196	14	20
818	3	118
1738	3	16
328	17	62
954	12	78
443	1	798
39	7	1654
1957	14	32
1319	20	39
884	1	250
366	3	82
323	1	104
2	16	47
10	2	20
109	4	920
1591	1	144
20	5	531
62	30	370
541	20	85
356	14	32
875	0	0
1115	19	810
1994	4	9
109	4	1995
558	14	10
0	0	1326
47	61	541
615	8	21
1483	17	62
74	5	276
1524	20	39
42	14	378
766	1	1074
137	0	5
33	35	1996
75	5	13
1241	3	415
187	20	1997
496	41	1998
1458	0	0
376	1	254
93	12	564
1999	14	18
941	1	254
297	1	191
10	2	824
945	19	5
2000	44	128
2001	4	9
2002	7	39
1318	17	22
541	29	10
241	1	160
93	12	311
351	12	1409
251	4	520
33	13	2003
33	13	4
140	12	771
129	16	451
413	1	250
46	7	1359
10	2	1449
2004	32	226
9	4	2005
142	1	175
1361	55	26
242	0	0
145	12	44
1065	1	144
735	1	175
189	27	2006
33	13	315
937	1	250
226	32	2007
98	20	1489
177	26	1686
1144	15	463
333	1	160
753	1	250
417	1	157
1113	15	463
53	66	2008
790	14	515
1644	2	32
898	1	42
39	7	2009
23	1	254
84	12	113
444	56	2010
355	4	926
255	12	771
10	2	2011
16	3	7
10	20	1530
298	1	95
802	14	71
434	19	33
941	1	42
39	7	2012
62	29	2013
938	19	5
1450	14	378
822	1	175
174	1	326
187	20	1735
33	35	253
112	12	841
16	3	2014
353	3	818
62	30	1220
33	13	1794
10	2	2015
10	2	2016
515	7	1505
1417	14	18
19	7	18
9	4	2017
10	2	2018
898	1	326
2019	51	1180
910	41	62
9	4	2020
10	2	1628
62	9	972
1236	14	37
287	26	1358
244	1	254
62	29	2021
1938	4	550
532	12	129
458	14	18
469	14	32
111	38	162
2022	4	9
189	27	2023
2024	14	18
1409	12	388
1629	1	42
1381	51	2025
1030	54	586
10	2	2026
2027	4	9
16	3	900
46	7	1270
268	19	33
9	65	951
10	2	1278
146	1	104
26	11	165
14	6	243
326	14	10
33	13	24
2028	5	62
464	1	95
780	20	206
62	9	2029
16	3	2030
1114	12	222
33	13	500
126	3	2031
39	7	2032
10	7	469
535	12	37
384	1	250
282	1	42
522	1	104
828	0	1110
20	16	2033
0	0	1328
1565	14	39
33	13	2034
16	3	215
14	6	773
1408	19	912
33	13	2035
30	12	29
287	26	1086
27	12	37
39	7	1509
1896	20	39
2036	3	16
26	11	2037
66	53	1969
828	19	33
62	9	2038
33	35	2000
830	35	1826
549	1	104
20	16	1102
2039	15	557
273	28	14
2040	4	9
20	1	50
545	12	195
325	19	5
353	3	1346
468	1	250
287	26	1057
1660	5	418
603	4	9
39	7	2041
33	13	314
14	64	40
998	1	104
697	1	144
890	19	5
68	28	53
164	7	1033
2042	17	62
18	20	724
494	26	2043
174	1	50
892	4	925
1404	14	39
201	19	5
2044	14	39
557	16	2045
1681	0	0
9	4	925
20	2	2046
189	27	2047
2048	4	9
18	20	1688
2049	9	77
174	1	104
49	2	1065
9	4	561
1079	1	50
10	2	1229
493	3	353
18	20	166
982	1	160
950	4	667
246	1	250
72	20	71
46	7	911
2050	9	914
479	39	371
1780	17	62
489	1	104
2051	4	9
106	12	223
785	3	16
541	2	345
74	5	307
76	28	53
371	20	85
187	20	2052
415	3	16
16	3	1119
1325	1	144
1480	3	16
16	3	806
255	12	774
434	1	144
945	0	0
64	14	18
364	1	104
898	1	104
62	29	1652
946	14	2053
62	9	2028
2054	19	5
10	2	308
152	1	191
1742	2	39
282	1	502
0	0	393
423	4	9
1093	7	46
12	7	18
187	20	2055
631	1	1074
1247	55	26
10	2	1708
827	19	5
581	17	282
266	1	50
2056	2	39
818	3	330
20	1	469
10	2	913
1629	1	175
0	0	345
26	11	2057
20	7	606
2058	3	126
10	2	1701
97	20	71
1825	14	148
187	20	1930
1941	14	18
1160	14	333
9	4	2059
443	14	74
96	7	1464
1923	0	0
717	14	18
62	30	206
18	7	1139
1805	1	250
1120	2	32
579	1	664
0	0	695
1027	21	85
206	16	2060
258	0	0
9	4	2061
174	1	254
18	20	697
938	1	95
1472	7	18
224	34	256
10	2	1626
1674	20	39
845	1	160
99	12	171
566	14	10
187	20	2062
32	7	1309
2063	3	16
191	14	96
954	16	1381
526	37	85
543	12	1337
18	20	581
544	1	175
564	12	59
1317	3	16
126	3	154
898	1	50
242	2	5
51	14	18
10	2	1004
389	42	402
292	20	1351
16	3	70
265	5	32
340	12	240
219	14	18
2064	14	18
10	2	1291
9	4	1828
10	2	1781
488	20	162
1409	21	85
757	17	22
585	39	371
197	1	977
187	20	731
145	12	84
10	2	2024
5	16	47
9	4	2065
1911	14	39
241	1	144
2066	14	18
9	4	2067
1458	62	861
178	14	515
492	37	39
282	1	804
1520	5	32
258	19	337
2068	4	9
1557	1	175
157	14	39
1065	0	0
201	1	144
287	26	28
62	30	768
9	4	2069
583	7	1620
345	7	515
2070	4	9
206	35	164
216	1	157
1862	5	13
500	35	374
710	29	85
664	5	46
33	13	322
322	16	321
766	1	1872
474	5	39
1970	37	515
33	35	2071
805	8	21
282	16	47
860	19	5
383	1	254
69	12	139
10	2	1767
39	7	795
53	50	2072
59	12	505
436	19	1044
627	1	50
62	30	1832
2007	10	226
187	20	1182
442	0	0
998	14	764
187	20	471
766	1	254
9	4	2001
137	0	67
189	27	2073
1772	5	71
565	12	145
347	1	175
74	5	182
30	12	893
811	14	32
1173	1	144
1787	4	9
2020	4	9
15	19	1268
305	12	37
10	2	2074
75	16	47
62	9	1740
557	16	2039
10	7	725
187	20	1325
1249	1	144
775	12	139
453	1	250
126	3	1152
6	3	126
1249	1	50
828	0	1289
698	16	47
14	6	152
581	1	144
103	1	42
1796	0	828
474	5	96
2075	20	39
1065	1	42
205	0	0
10	2	323
2076	4	9
297	19	1228
20	1	1872
960	12	557
2077	4	9
834	17	62
18	20	2078
62	29	2079
852	19	33
1805	1	144
745	1	42
18	14	1064
1737	37	653
33	13	810
1266	16	2080
1658	1	144
511	3	1057
316	1	254
39	7	2081
9	4	2022
34	17	62
494	3	16
370	59	226
10	2	789
33	13	385
33	13	2082
1866	14	164
1629	1	104
2083	4	9
708	7	1274
457	1	3
2084	51	88
51	78	137
1802	4	950
216	1	95
875	1	42
1068	4	9
549	19	1773
1937	14	18
10	7	346
306	20	39
189	27	1624
1507	37	96
2085	20	39
135	14	219
39	7	618
282	9	1981
2086	20	39
845	1	144
128	1	175
24	55	26
950	4	1786
187	20	1631
464	1	191
32	7	356
875	19	5
37	12	288
264	1	160
288	12	195
84	12	112
1062	12	233
1290	14	386
1223	41	210
197	1	160
172	1	175
9	4	1403
62	29	1084
16	3	2036
35	3	16
695	1	160
187	20	995
26	11	774
1458	19	5
33	13	653
277	14	18
16	3	2087
59	12	1040
695	19	33
1932	2	20
1826	1	50
515	35	180
1145	28	14
386	16	2088
327	69	20
1400	0	0
1023	7	39
746	2	206
187	20	1366
1144	15	1145
62	9	2089
53	66	2090
33	13	472
0	0	773
602	3	785
187	20	1286
835	14	378
548	48	20
10	2	2091
1662	1	664
20	7	1067
165	12	893
197	1	542
6	3	169
985	14	71
1179	37	515
24	1	160
269	0	0
842	3	16
1662	7	187
37	12	580
26	11	775
249	1	42
10	2	932
10	2	1351
274	12	76
10	2	1754
258	1	250
543	12	954
127	3	120
18	20	181
1369	5	219
2029	20	1236
10	2	1338
530	44	243
333	1	303
62	9	978
222	30	1090
296	1	104
2092	4	9
1219	14	39
187	20	2093
1478	20	32
24	7	187
579	1	198
16	3	842
20	22	128
819	1	95
520	4	109
128	1	157
120	3	1077
414	5	62
226	32	2094
413	1	160
805	2	726
18	7	298
773	1	50
231	20	148
189	27	1989
1062	12	78
1093	14	378
142	5	13
1951	5	148
912	21	253
567	19	33
567	1	250
10	2	162
386	16	2095
33	13	2096
2097	34	189
39	7	319
33	13	958
74	14	1249
2098	13	258
2099	4	950
33	35	2100
443	1	144
109	4	429
10	2	2101
9	4	1237
140	12	224
1410	2	20
834	12	1025
192	23	575
187	20	2102
9	4	1980
88	16	2103
109	4	1476
37	12	893
503	4	9
799	17	62
1914	5	20
24	70	345
172	19	1268
126	3	1386
515	1	1641
773	1	42
2104	33	945
531	1	977
29	12	100
2105	4	9
10	2	2106
1122	12	195
182	7	187
387	1	254
33	13	67
1772	20	71
222	12	2107
640	1	175
1677	56	62
226	10	51
9	4	2108
1285	7	39
82	26	1897
489	1	198
62	29	1280
1388	1	95
1465	14	378
780	46	325
455	1	250
484	4	1104
621	9	2109
1273	1	798
1796	0	0
79	12	311
1369	14	219
998	1	144
15	1	144
2110	1	157
1065	19	33
126	3	2111
0	0	438
9	4	2112
6	3	686
472	1	303
244	19	810
240	12	68
602	3	1897
1033	5	148
1825	20	653
79	23	1658
1204	1	95
156	1	50
1664	38	1825
1984	7	39
1141	15	557
166	7	187
383	1	664
736	1	160
226	32	2113
6	3	82
10	2	64
62	29	1885
68	12	775
1414	1	175
958	14	359
432	1	175
2049	56	62
46	7	187
1137	12	55
191	5	96
288	12	388
292	20	32
2043	3	177
383	1	50
10	7	985
74	5	2114
2115	4	9
62	29	2116
10	2	1222
10	2	276
1122	12	288
189	27	2117
1925	4	9
1291	7	18
39	7	991
1784	2	39
1859	5	62
33	13	206
345	62	861
195	12	36
39	7	780
22	29	1229
948	5	840
834	52	183
0	0	486
177	26	221
1349	5	39
2118	3	177
814	79	270
39	7	306
20	16	2119
39	7	2120
9	4	2121
1748	14	18
1737	20	85
1970	14	515
10	2	2122
46	16	56
47	15	25
906	14	74
602	3	2123
1281	0	0
33	13	128
376	16	47
0	0	258
332	37	270
78	12	93
18	7	689
9	4	2124
187	20	2125
1871	12	92
32	7	467
46	7	2126
9	4	2127
187	20	2128
33	13	2129
189	27	2079
253	35	314
62	29	1867
750	1	254
538	1	254
359	19	706
9	4	2130
497	7	1629
2131	1	95
1151	5	52
9	4	1966
1977	20	39
318	14	148
492	8	21
32	1	767
10	2	2132
384	1	50
1564	10	226
340	12	68
9	4	577
33	13	464
2133	14	10
26	11	1488
1489	22	32
274	12	273
789	1	95
120	3	1420
1212	2	32
1379	14	10
602	3	2134
1981	1	175
787	3	126
10	2	2135
1600	3	16
772	20	515
330	3	462
16	3	1168
39	7	2136
14	64	243
905	20	595
585	31	213
555	4	9
187	20	970
924	2	371
148	7	1725
139	12	68
18	20	1711
10	2	1809
1029	19	33
9	4	2137
459	16	2138
172	19	5
1903	20	39
62	30	2049
443	1	95
2139	15	148
632	3	126
557	16	2140
10	2	1079
224	12	68
522	1	664
1409	12	580
16	3	2141
226	10	295
328	13	345
766	1	3
24	67	994
932	14	74
285	24	732
160	14	1207
1217	1	50
365	19	345
1981	1	160
206	53	1658
9	65	2142
40	0	0
2143	4	9
298	1	198
459	12	557
747	1	144
128	1	664
2144	15	2053
232	21	85
148	45	1908
120	3	1538
164	16	1713
187	20	2145
106	12	192
205	1	303
10	2	2114
1246	1	160
9	4	1155
1028	60	822
884	7	745
2069	4	9
1616	5	636
1525	7	39
39	7	1096
298	14	18
333	1	50
1583	1	254
2009	14	39
33	13	852
10	7	502
10	2	2146
1636	14	10
890	62	861
62	29	2147
1483	20	463
62	9	294
18	7	1339
26	11	1025
455	1	157
112	12	29
1114	12	106
740	41	396
14	64	325
26	11	36
1040	12	79
684	19	5
833	1	160
10	2	335
52	52	62
33	13	32
472	1	104
1625	4	9
162	14	10
1761	20	315
954	34	189
805	22	98
162	14	2148
33	13	1207
10	2	1999
385	0	0
837	22	32
413	1	977
31	5	32
1218	17	22
10	7	977
39	7	1061
845	1	250
16	3	1424
189	27	2149
33	13	906
129	12	78
9	4	2150
2151	4	9
316	1	3
781	1	191
33	13	325
552	14	18
10	2	346
2152	1	2153
1000	4	9
640	1	50
620	20	796
358	20	315
1914	37	66
183	52	1146
414	41	62
14	66	2090
450	29	721
1057	3	214
33	13	365
26	11	1409
215	3	353
9	4	1429
32	7	1351
450	29	85
2154	4	9
1019	4	9
126	3	2155
1426	7	18
187	20	2156
881	38	426
685	14	18
226	32	585
1877	14	74
443	1	326
26	11	78
69	28	53
1114	12	954
33	13	628
18	20	2157
1461	20	206
51	10	226
26	11	1943
9	4	1647
9	4	2158
1116	1	157
620	20	530
24	1	804
972	5	62
2159	19	33
984	19	912
33	13	2160
1254	20	66
1877	1	175
353	3	369
39	7	1134
14	6	40
39	9	685
351	12	37
815	1	250
826	4	9
1515	16	47
996	1	144
602	3	1416
165	12	112
16	3	2161
747	0	0
39	7	2162
9	4	1443
33	13	1681
1163	3	177
1969	14	206
819	1	50
9	4	2163
214	3	330
1745	4	926
9	4	2154
296	1	175
37	12	619
1478	7	32
602	3	2164
1805	1	95
187	20	1291
74	5	413
883	29	1629
281	16	1587
10	2	132
120	3	16
868	19	5
46	7	1883
52	29	1262
33	13	2025
371	29	10
33	13	457
177	26	704
170	7	187
10	2	1214
944	4	9
1100	26	287
464	1	42
98	29	924
1480	3	120
1461	5	206
2165	4	9
455	20	2018
62	30	524
146	19	706
1483	41	396
153	3	1150
126	3	2166
10	2	2050
1458	1	50
20	7	374
745	1	160
20	7	181
2167	14	18
572	16	2168
10	2	2169
16	3	2170
2171	5	62
1874	14	46
1409	12	351
2172	16	1141
16	3	2173
1112	19	33
10	2	358
46	7	1450
1128	4	844
1309	2	32
984	1	50
1600	3	2164
735	1	144
53	18	2174
20	1	144
1306	4	9
412	19	33
815	1	175
498	1	50
2081	2	39
375	2	315
384	14	18
1388	7	187
249	1	254
2168	15	572
9	4	2175
33	13	2176
1431	1	175
232	14	18
433	70	345
9	4	1863
33	13	636
1632	5	62
55	12	1114
497	1	469
1462	20	830
10	7	303
33	13	373
898	14	18
371	20	374
39	7	2177
506	4	778
1615	7	39
220	1	326
0	0	1112
234	56	62
922	4	9
2178	13	453
81	3	287
49	1	104
49	1	664
1062	12	1145
9	4	1133
33	13	1174
1338	1	254
118	3	353
10	2	2179
10	2	2180
979	14	10
201	19	912
845	14	10
1964	1	50
140	12	79
383	1	175
543	17	62
580	12	351
1674	7	39
134	1	42
409	1	175
10	2	216
288	12	29
937	1	160
33	35	1348
9	4	2181
126	3	16
428	1	157
793	1	50
48	1	42
316	1	157
409	1	50
39	7	1737
32	7	956
522	1	469
115	5	52
1115	19	5
819	14	18
1325	14	18
224	12	69
1246	5	39
46	7	2182
16	3	2183
994	1	95
18	20	246
16	3	2063
97	8	21
39	7	2085
457	1	160
640	1	95
602	3	2118
62	29	2184
33	13	2185
540	0	0
244	19	174
78	12	145
954	12	1146
126	3	248
224	12	775
10	2	1985
388	12	893
153	3	602
16	3	2186
1510	51	88
282	1	882
834	16	770
790	14	315
1634	19	5
20	22	98
187	20	2187
1914	14	329
1566	1	175
633	0	0
62	29	2188
847	55	26
33	13	601
69	12	255
62	30	2189
388	12	619
945	19	706
2190	3	287
52	30	62
177	26	2191
150	1	191
244	1	175
1695	1	175
258	19	1268
9	4	2048
71	53	790
711	14	768
10	2	1861
142	36	302
1748	1	254
1840	20	515
39	7	1850
287	26	1050
1733	4	9
24	1	1074
750	1	157
852	19	5
459	12	1146
828	0	67
330	3	1265
898	1	250
10	2	2192
24	1	157
2193	14	2194
18	20	2195
1954	4	9
33	13	1247
126	3	2196
955	4	950
323	1	42
501	5	182
452	1	95
32	7	63
14	6	128
284	0	0
408	12	619
1017	56	62
148	16	1073
2126	7	46
9	77	2197
2198	4	9
1491	4	9
250	14	187
43	14	963
928	14	39
189	27	1763
2199	3	287
18	20	753
64	1	144
1480	3	126
1961	20	39
6	3	127
33	13	1293
473	19	5
226	32	1801
20	7	1206
340	12	139
10	2	2200
2081	14	39
905	35	1794
10	2	538
699	20	10
1226	2	5
941	1	144
935	4	9
209	3	330
595	44	345
32	7	31
2201	14	18
543	16	2202
490	2	39
18	20	476
10	2	1249
45	2	46
484	4	1978
807	37	595
453	19	258
233	12	100
69	12	211
10	2	1380
608	77	2203
1909	1	104
1663	4	9
948	14	10
1780	16	1953
10	2	264
23	1	157
266	1	95
10	2	401
778	4	950
538	1	144
33	13	282
0	0	875
1107	4	484
691	28	14
9	4	1353
139	12	774
780	37	39
583	7	1194
1070	19	5
288	12	311
74	5	245
10	2	2204
1908	15	148
74	5	2205
1687	19	33
538	16	47
452	1	144
62	29	2206
126	3	7
172	1	42
900	3	221
10	2	315
1062	12	100
187	20	2207
24	1	42
1115	19	507
62	29	2208
71	7	985
189	27	1484
413	1	949
288	12	37
845	1	254
33	13	627
550	4	892
23	1	144
14	6	1515
1087	26	177
266	1	144
62	29	1618
187	20	749
750	1	50
44	21	85
2209	15	988
16	3	2210
101	14	148
701	1	50
9	4	2211
1856	0	0
1266	17	62
1141	15	2053
1296	14	378
549	19	33
862	14	18
412	1	157
10	2	875
226	14	187
229	4	844
1501	5	46
46	55	26
2150	4	9
9	4	2212
1634	19	508
2210	3	16
583	7	2213
2214	14	18
99	12	233
37	12	36
683	34	189
16	3	2123
23	1	3
717	1	175
10	2	410
10	2	220
413	1	1344
393	62	861
33	35	2098
979	1	250
2215	3	353
18	20	2216
157	7	18
153	3	1307
647	1	144
20	1	42
2075	14	39
244	1	3
997	37	39
226	32	1542
177	26	367
1326	1	175
2217	7	39
195	12	1413
177	26	1087
808	12	240
277	1	254
1780	17	2010
353	3	2218
39	7	2217
187	20	1095
557	28	53
20	16	2219
315	17	62
323	1	95
1529	1	144
1004	1	157
2182	14	378
521	5	206
126	3	153
242	1	254
33	13	781
333	1	42
33	13	2220
474	20	39
126	3	1255
182	5	720
1662	55	26
32	7	721
1640	4	9
189	27	1963
274	12	655
473	19	33
1999	7	74
32	7	919
1180	17	62
799	17	52
126	3	1497
164	17	62
2221	0	0
10	2	1227
18	20	1159
53	18	654
815	1	144
557	29	595
2	14	18
16	3	511
10	2	1463
10	2	384
941	1	157
1201	16	2222
1552	15	96
386	5	52
2223	4	9
506	4	667
16	3	1211
1260	14	39
10	2	1316
858	29	492
906	14	206
14	64	172
0	0	137
893	12	195
24	1	591
33	13	436
773	19	33
365	0	0
939	1	104
580	12	388
359	19	5
443	1	3
633	1	254
74	7	2224
1397	4	9
906	20	328
9	4	1036
9	4	1298
263	1	144
33	13	2225
636	7	1616
98	20	88
444	10	183
33	13	847
244	1	1344
26	11	37
374	35	85
579	14	18
1099	19	33
68	12	211
53	18	848
640	1	104
1392	19	5
768	5	62
1020	0	0
33	13	430
302	1	804
10	2	529
725	14	10
171	12	37
1099	19	5
2053	24	732
651	38	20
1737	8	924
282	1	469
345	0	1308
4	19	33
10	2	2226
150	1	3
677	29	504
60	52	129
636	16	2227
976	3	16
10	2	2228
405	4	1256
506	4	797
981	14	764
396	9	129
1929	20	46
1529	1	104
33	13	1351
187	20	1136
327	69	615
766	16	47
226	10	1976
20	7	1932
10	2	1568
18	14	2066
187	20	173
631	1	254
2229	4	9
105	1	175
906	20	66
137	0	773
387	1	157
16	3	2230
161	20	1209
30	12	113
20	2	2231
1076	19	33
9	4	1104
33	13	2232
16	3	1706
1801	10	226
2233	3	177
98	29	152
28	3	287
98	20	96
297	1	42
738	14	243
1408	0	0
9	4	1539
489	14	764
808	12	140
522	1	50
449	1	254
18	20	2234
522	1	303
1461	55	26
0	0	365
228	4	9
799	12	655
1326	19	5
162	2	726
653	35	206
183	32	192
1685	20	89
775	12	808
62	29	2235
583	7	1362
541	20	10
126	3	874
226	10	2236
330	3	1054
18	20	1637
9	4	517
353	3	2237
346	1	175
10	2	1245
1062	16	1113
1790	5	515
67	1	144
2238	2	148
1220	17	62
9	4	1605
167	1	175
364	2	1631
2052	14	18
345	0	0
9	4	1751
47	15	170
81	3	16
32	7	1434
562	1	144
2160	1	1344
1052	19	5
9	4	2239
237	62	861
20	1	157
950	4	1148
388	12	580
264	1	326
730	14	18
10	7	811
2228	14	18
988	17	52
567	1	157
754	2	32
297	19	435
858	9	182
266	7	187
1914	20	20
0	0	845
1335	5	135
33	35	2240
525	8	1779
464	1	804
151	5	39
31	37	574
39	7	2241
1326	1	50
174	1	157
220	1	469
1265	3	330
44	12	113
971	3	353
195	12	351
2236	10	226
62	30	273
198	14	10
543	17	52
506	4	350
10	2	85
39	7	286
33	13	1856
33	13	283
496	41	62
547	1	160
33	35	2242
1974	3	287
16	3	1894
134	1	175
365	1	254
539	3	16
243	1	250
1065	1	104
33	13	1996
2158	4	9
744	26	177
3	14	71
48	1	3
1140	5	378
120	3	2164
1140	14	378
9	4	1700
192	56	62
1696	14	71
10	2	1440
189	27	1185
71	7	1072
51	7	187
24	1	1344
142	1	160
836	5	291
48	1	50
20	8	2152
177	26	2243
139	28	53
1608	3	120
53	50	2244
46	7	2214
33	13	1461
1092	3	494
32	7	837
99	12	1062
33	13	1695
187	20	282
220	1	104
9	4	289
10	2	1982
9	4	2245
958	1	144
0	0	896
311	12	535
2136	2	39
10	2	1228
614	20	39
1070	0	0
39	7	1650
894	12	112
0	0	4
282	1	175
239	12	68
401	42	591
148	7	1951
10	2	952
1455	12	274
32	7	904
941	5	13
224	12	240
32	7	1916
177	26	539
1351	14	764
992	4	926
633	19	706
790	7	66
49	14	1065
1079	14	18
10	2	2246
10	2	2247
833	35	315
137	0	860
203	52	112
10	2	1558
1062	21	85
9	4	1798
294	41	62
33	13	829
33	13	2248
1030	20	712
330	3	415
1329	62	861
638	4	9
2249	4	9
838	5	32
1580	80	526
1173	1	254
997	33	359
781	1	254
2250	32	226
740	34	189
10	2	2251
1756	20	712
1696	37	71
16	3	2252
46	7	716
2253	35	39
129	12	954
39	7	352
33	13	897
1599	1	95
775	34	256
631	1	469
134	1	191
776	14	18
18	7	768
1572	7	39
242	19	810
39	7	2254
0	0	1103
1462	5	148
39	7	1697
281	14	764
62	29	2255
97	1	95
867	15	1677
429	4	9
288	12	893
16	3	2256
1981	1	144
1815	3	126
315	17	52
26	11	893
1602	14	18
255	16	585
9	4	2027
519	7	18
1560	5	386
10	2	2257
10	2	94
667	4	950
354	3	353
2217	20	39
33	13	453
26	11	224
1622	4	9
0	0	1687
346	0	0
53	50	2258
387	1	144
602	3	787
787	3	28
276	14	764
1895	22	345
10	7	128
177	26	2043
2259	71	23
954	12	60
14	6	412
16	3	2260
244	19	5
74	5	2066
729	48	463
766	1	469
952	1	95
1442	20	162
1344	7	18
39	7	1784
167	46	2159
1039	14	74
62	29	1302
241	1	50
1358	3	16
387	1	469
152	1	502
2049	41	77
33	35	148
32	7	957
1705	51	46
1338	1	95
1103	1	144
0	0	1368
129	16	1827
1090	5	62
1029	19	5
165	12	288
106	12	222
59	12	311
10	2	2261
515	7	1142
10	2	1252
682	1	50
10	2	249
144	5	378
98	20	97
351	21	85
682	14	764
226	10	2262
567	1	144
33	35	449
10	2	2263
952	1	250
627	1	175
1001	4	9
1044	45	527
172	1	157
222	12	106
795	20	39
39	35	2253
1266	16	2264
107	12	106
1748	7	10
30	12	165
62	29	2265
780	22	0
33	35	636
2266	15	463
10	2	2267
1464	2	96
413	1	95
908	14	39
640	70	345
10	2	2093
33	13	172
10	2	1481
10	2	2268
170	1	50
205	1	50
33	13	1175
2269	14	18
1666	3	16
16	3	2270
436	1	42
62	29	1060
20	69	34
311	12	30
33	13	1515
286	2	39
9	4	2271
633	1	175
33	13	43
773	19	5
356	14	616
1790	20	39
33	13	393
1092	3	353
138	19	5
126	3	493
0	0	713
10	7	198
214	3	120
242	1	175
206	16	748
784	19	435
187	20	1669
285	1	664
0	0	201
2272	3	16
2273	4	9
164	16	867
1378	16	1868
53	18	2274
26	11	233
1043	14	18
274	12	1455
10	2	2052
216	5	13
774	12	79
92	16	1510
55	12	1422
388	12	112
183	52	834
1040	12	564
74	5	455
18	7	460
9	4	2275
2054	62	861
98	29	549
745	1	144
903	19	33
1819	4	9
105	1	157
162	1	2276
74	5	531
1325	1	50
255	28	53
62	29	2277
389	42	985
305	12	113
287	26	6
2278	4	9
265	2	32
10	2	623
1644	5	32
2097	17	62
1226	19	5
126	3	2279
950	4	1978
386	16	1854
1896	5	39
126	3	2280
71	7	2281
893	12	841
187	20	401
515	2	628
195	12	1409
472	1	191
189	27	2235
159	1	104
78	12	954
126	3	2118
330	3	214
9	4	2040
18	20	1401
531	45	527
1589	35	703
1067	14	20
10	2	443
776	1	175
567	1	326
351	12	565
139	12	771
1363	17	22
467	1	160
312	12	99
7	3	330
1388	14	764
206	7	906
170	1	157
0	0	1165
413	1	3
602	3	704
214	3	154
18	7	631
16	3	2282
24	14	764
274	16	590
1342	51	625
2283	20	206
655	12	834
20	1	191
74	5	2269
952	1	50
33	13	1931
10	2	1554
790	5	66
1369	1	664
775	12	240
1444	37	39
434	1	95
1201	16	2284
496	31	2285
383	1	95
33	13	2286
415	3	82
572	16	2287
1231	19	5
214	3	353
315	16	2288
496	9	2289
240	34	256
373	19	33
301	1	104
135	17	52
773	0	0
883	29	85
777	4	550
82	26	2164
33	44	359
246	1	3
288	12	580
14	6	486
297	19	33
224	23	358
1154	1	144
1588	3	353
287	26	554
515	7	772
832	1	95
2	1	157
1266	12	655
255	12	775
1179	22	291
1712	72	332
515	14	830
1566	1	326
16	3	1255
16	3	849
2164	26	287
892	4	9
39	7	1984
695	1	95
468	1	157
1433	4	9
1029	0	0
323	1	144
219	45	2290
1662	1	144
33	13	1356
126	3	2291
189	27	1203
522	1	191
2292	20	20
10	2	2293
1668	1	144
39	16	733
1932	14	20
62	9	1730
154	3	120
10	2	2294
433	1	250
588	4	9
2	1	50
39	7	2295
2213	7	583
39	7	38
1868	40	1378
892	4	1019
137	0	945
26	11	171
952	1	157
112	12	99
327	20	345
453	1	157
924	20	515
10	2	2296
274	12	192
160	14	66
10	2	821
39	7	1285
37	12	30
10	2	567
1006	17	62
627	1	144
745	1	157
9	4	2297
33	13	2298
237	0	1112
450	20	721
9	4	2076
1135	14	74
1297	1	50
1871	12	505
329	14	74
528	14	18
763	7	774
106	28	53
16	3	2299
16	3	2190
602	3	2282
365	1	50
128	1	50
628	29	912
600	2	206
0	19	5
891	60	822
708	16	2300
32	16	867
633	19	245
2301	4	9
33	13	1865
630	1	3
283	0	0
30	12	388
10	2	504
941	1	50
273	17	62
187	20	2302
602	3	1163
1148	4	9
26	11	29
1684	19	5
330	3	121
15	19	33
2303	4	9
327	69	332
216	1	175
633	19	33
244	0	0
633	19	1126
309	3	16
323	1	157
967	3	287
1746	4	9
88	14	374
288	12	165
93	12	78
417	1	160
112	12	388
33	13	1457
1662	1	254
530	35	374
1346	3	353
189	27	2208
62	29	1806
2127	4	9
346	14	10
9	4	1978
1019	4	251
898	1	3
937	1	326
608	4	9
23	1	469
33	13	647
10	2	2167
1316	19	5
1025	12	78
182	55	26
6	3	2304
1882	2	206
222	16	2305
9	4	2306
189	27	1731
240	12	775
960	12	459
1409	12	565
515	16	2307
745	22	870
1349	14	39
1640	77	1973
33	13	630
76	12	192
10	2	33
815	14	18
1401	20	32
10	2	105
165	12	351
9	4	2165
830	35	1794
567	19	5
62	29	2308
0	0	268
615	14	764
323	1	175
187	20	1161
1995	4	9
413	1	882
41	1	95
2017	4	9
233	12	93
33	13	2309
515	1	2310
945	1	254
1351	55	26
1004	1	469
33	13	1690
33	13	994
187	20	2024
33	13	891
92	12	1871
68	12	774
602	3	1924
774	12	69
847	7	187
16	3	2311
386	45	527
266	1	250
1929	14	46
137	10	2261
162	16	488
113	21	85
1192	2	39
206	45	1283
1900	3	16
1677	16	1381
26	11	2312
287	26	2164
9	4	8
1336	3	177
698	1	254
67	19	912
380	25	20
5	62	861
33	13	243
10	2	2313
413	1	804
900	3	177
1502	20	66
1856	19	5
109	4	9
0	0	1458
353	3	1608
32	17	62
206	7	2283
564	12	60
1086	26	287
765	3	1924
33	13	2314
71	7	10
926	43	406
60	12	1871
244	19	601
1519	1	160
271	5	418
20	5	374
39	1	250
1218	1	254
10	2	2315
515	7	1093
33	13	2316
353	3	2317
1218	7	187
297	19	507
630	2	5
187	20	2318
148	7	2319
187	20	384
625	16	2320
150	19	1228
397	1	250
39	1	767
74	5	300
10	2	2321
1720	3	16
187	20	2322
62	29	2323
10	2	90
39	7	151
16	3	2324
2325	3	353
1697	14	39
71	7	2326
2004	14	18
233	12	78
1454	40	775
2327	0	0
841	12	112
33	13	1099
828	0	945
18	20	1968
123	14	18
2328	4	550
9	65	1003
187	20	876
686	3	154
18	20	2026
834	16	2033
994	1	50
33	13	745
443	1	42
239	12	240
113	12	305
1871	12	59
463	16	1141
829	5	46
48	1	157
835	14	10
250	14	46
57	0	0
834	41	396
18	7	1252
735	1	254
585	51	183
214	3	177
98	20	1696
906	2	206
152	19	508
499	8	21
78	12	99
33	13	88
33	13	1357
29	12	1062
418	7	277
637	1	42
773	1	254
325	19	33
494	26	248
62	29	1860
903	19	5
1381	15	954
763	30	858
2181	4	844
264	1	469
1817	2	148
282	1	50
739	15	1677
868	1	144
187	20	776
93	12	59
1984	5	39
18	7	1472
107	28	53
790	5	515
1435	14	219
24	1	326
148	7	2238
597	1	191
647	1	95
135	17	62
9	4	1714
177	26	494
945	1	175
524	28	53
10	2	2329
10	2	2330
16	3	602
630	1	157
167	1	144
2175	4	9
33	13	903
142	14	430
244	19	33
187	20	1334
313	14	39
1760	19	33
1658	1	160
547	19	5
62	29	2331
697	1	175
74	7	2332
153	3	968
0	0	1634
244	2	443
285	78	137
32	7	265
1030	14	768
2333	4	9
124	1	798
128	0	0
74	7	2334
765	3	278
486	19	245
33	13	1166
62	30	515
165	23	492
401	42	324
379	1	254
1695	16	47
442	19	5
633	19	142
1080	1	50
1234	1	104
383	1	985
112	12	165
763	7	240
311	12	1943
0	0	1076
157	14	32
212	59	226
37	12	165
1474	22	587
10	2	1325
476	1	157
2335	2	258
109	4	993
18	20	1391
342	19	435
39	7	83
926	4	925
892	4	550
189	27	2336
1533	22	315
904	20	32
2224	14	18
10	2	2337
1445	20	39
625	16	1766
182	45	527
39	7	929
33	13	1391
10	2	1680
311	12	388
88	16	1510
33	13	1129
79	12	107
845	1	42
374	44	345
302	1	50
187	20	1139
26	11	408
39	7	1572
923	2	822
26	11	60
33	13	1126
10	2	2338
16	3	1910
7	3	214
918	1	160
1	2	435
515	35	500
16	3	2339
598	33	1515
493	3	7
239	12	69
1272	1	160
255	12	76
14	6	1065
33	35	2340
729	15	463
189	27	2341
885	23	162
740	17	62
982	19	2129
635	14	636
33	13	1687
10	2	2342
2114	14	10
413	32	20
381	14	18
366	3	6
53	18	1091
1024	20	39
33	13	473
139	12	211
109	4	2278
33	13	1217
10	7	541
386	7	1560
954	23	327
366	3	2343
1780	20	1236
113	12	288
524	17	62
109	4	1121
26	11	1331
2212	4	9
16	3	660
33	35	2344
107	12	1422
33	13	507
543	28	14
0	0	284
1960	4	9
103	1	175
455	1	175
433	1	157
62	30	496
433	1	191
18	20	652
841	12	470
1790	20	71
226	10	463
153	3	7
226	10	1047
1006	23	1795
846	51	799
0	19	174
636	7	594
2345	20	39
952	14	764
10	2	2346
7	3	154
10	7	2133
383	1	250
753	1	95
62	52	52
124	1	144
725	5	85
871	20	66
224	12	140
1247	7	763
10	2	357
1654	5	39
135	7	711
10	2	2347
789	1	144
1145	16	1698
2182	7	46
358	14	378
2032	37	39
206	1	95
9	4	672
373	19	5
115	41	116
1703	51	1180
32	7	961
9	4	2348
39	7	1790
10	2	1156
33	13	562
477	4	9
148	32	226
119	3	120
302	14	18
43	1	95
33	13	40
565	12	30
20	16	131
33	13	284
828	0	283
177	26	1163
602	3	1469
1531	20	162
685	5	103
841	12	893
156	45	527
126	3	278
545	12	99
30	12	44
39	7	1352
10	2	2259
2326	20	71
1694	19	5
48	1	250
564	12	93
33	13	697
710	74	492
854	1	50
2245	4	9
376	1	50
244	1	104
958	1	95
784	19	1228
815	1	42
941	1	175
602	3	1706
402	14	10
62	9	2171
68	12	79
455	1	50
256	27	848
620	14	219
515	17	62
2103	15	92
62	29	1396
189	27	2147
71	7	1462
366	3	2123
9	4	229
961	14	32
1172	81	32
1530	14	10
10	2	937
686	3	28
24	1	402
0	0	1400
2225	14	39
421	14	74
62	30	32
1629	1	191
74	5	720
10	2	1930
1695	1	50
557	23	807
453	1	175
1116	1	303
432	19	5
10	2	832
878	29	20
60	12	564
62	30	52
20	7	196
46	7	358
152	19	245
1871	12	564
1494	20	10
10	2	1477
1686	3	287
10	2	1216
815	1	254
58	20	32
808	12	775
62	29	2073
18	20	1471
98	29	128
809	3	126
1351	7	187
33	13	0
10	2	404
16	3	2349
37	12	29
98	20	2346
1499	14	18
88	14	10
353	3	2199
172	1	160
10	2	2322
1294	14	18
353	3	2350
428	2	371
585	31	2285
62	9	1859
187	20	409
2351	4	9
10	2	898
329	24	732
602	3	102
177	26	2164
153	3	177
124	1	50
9	4	2083
14	6	890
1145	16	1144
187	20	2169
10	2	173
145	12	351
629	74	526
1290	14	768
366	3	2030
363	4	9
18	14	2352
33	13	258
222	12	459
242	1	160
1074	14	10
2087	3	16
465	33	128
1179	20	840
82	26	554
393	0	828
39	1	882
22	45	527
1380	7	18
443	1	254
845	0	0
167	1	3
2353	2	71
808	12	239
33	13	2354
266	14	764
570	2	378
75	14	18
109	4	797
1877	2	39
602	3	202
1383	20	1489
541	14	10
16	3	2215
1099	1	95
10	2	597
62	29	2117
1323	20	88
189	27	2355
459	12	55
745	1	2153
793	1	254
996	14	764
713	19	5
438	0	0
1632	41	62
1509	2	39
515	7	1840
126	3	118
1347	20	85
174	1	95
10	2	2062
619	12	112
240	12	771
187	20	680
177	26	153
10	2	2156
1093	37	515
396	9	691
720	14	18
547	0	0
283	19	5
1018	26	446
39	7	928
799	41	396
708	16	2144
189	27	2356
33	13	695
1521	3	353
4	1	175
10	2	2357
2342	1	50
868	1	95
583	7	764
226	32	2358
332	69	327
140	12	139
189	27	2021
187	20	815
197	1	250
187	20	2359
9	4	2229
2319	14	148
650	3	353
378	45	1257
126	3	1919
704	3	287
20	14	148
172	19	810
18	20	1585
311	14	18
47	15	726
464	1	835
43	14	10
117	3	82
790	1	254
442	19	2096
96	35	1794
430	7	71
2360	20	88
10	2	2361
98	29	268
597	1	104
39	7	2362
135	1	42
1727	20	162
386	24	732
463	55	1370
768	5	52
387	1	175
1382	2	71
0	0	784
98	20	2363
640	1	250
1620	7	583
0	0	343
33	13	1762
898	1	254
10	2	2364
489	1	144
0	0	860
602	3	17
10	2	1981
10	2	2365
287	26	17
244	1	42
117	3	353
67	19	33
2366	4	9
1124	14	18
547	1	144
26	11	808
7	3	632
386	16	2367
833	35	905
74	5	142
83	37	1589
830	44	345
580	23	162
359	19	174
1930	14	10
2211	4	9
14	6	845
121	3	330
444	16	1537
1075	14	96
413	14	18
9	4	2368
453	0	0
275	16	47
0	0	346
243	19	810
10	2	2214
177	26	1416
18	20	452
893	12	37
10	2	2369
1025	12	655
480	3	120
26	11	2370
1662	1	157
62	30	1983
627	1	254
10	2	752
620	14	329
177	26	126
319	14	39
33	13	1529
417	1	42
109	4	520
187	20	2371
235	1	95
1233	19	5
998	1	157
16	3	889
1629	2	497
950	4	2099
412	1	250
34	8	2152
69	12	239
602	3	214
162	10	226
137	21	1228
258	1	198
137	10	138
1840	5	515
815	1	191
1057	3	118
168	4	9
767	14	10
39	7	850
2225	2	39
499	14	636
644	37	39
10	2	277
353	3	154
10	2	1243
815	1	160
67	19	5
189	27	1771
467	1	50
9	4	1719
62	30	39
2372	4	9
9	4	2278
544	1	50
201	1	175
0	0	1029
211	28	53
187	20	2357
729	48	2193
428	14	18
630	1	95
1331	12	60
10	2	2373
1404	2	39
2306	4	9
100	12	93
2324	3	177
152	1	198
911	14	378
27	23	492
1856	1	50
66	7	790
10	2	2374
2375	15	543
62	30	799
201	1	254
530	7	10
39	7	426
6	3	2376
353	3	2377
211	12	79
323	1	160
33	13	766
602	3	494
62	30	444
1328	19	5
99	12	841
1298	4	9
1414	1	542
1529	1	326
33	13	1112
2002	37	39
24	1	985
226	32	103
9	4	1947
16	3	2378
667	4	1063
0	0	868
372	20	164
128	1	191
226	10	572
36	12	195
16	3	1081
78	12	1062
1629	1	254
0	0	1070
1446	3	353
472	1	50
68	12	224
10	2	631
297	1	254
2144	51	708
419	1	104
557	12	1137
1019	4	777
240	12	224
7	3	6
384	1	160
1674	5	39
780	7	206
16	3	2379
10	2	1566
9	4	2105
62	9	2380
1826	44	345
1756	1	175
16	3	765
20	1	3
854	19	33
789	1	50
353	3	117
16	3	2381
622	5	13
10	2	2382
206	7	1882
189	27	510
2383	3	16
1018	26	2043
884	1	191
14	6	242
32	7	1644
178	20	515
187	20	964
64	1	175
544	1	95
33	13	435
1431	7	187
939	1	157
898	1	144
17	26	248
526	2	822
20	8	2384
766	1	798
53	50	2385
450	29	2386
1790	5	39
921	4	9
20	20	962
870	10	226
2061	4	9
62	29	639
2170	3	16
33	13	1760
379	1	95
226	32	1679
53	50	779
62	29	2387
33	13	637
74	29	2388
774	47	1712
650	3	177
226	32	2004
765	3	120
10	2	745
1462	14	830
33	13	1392
10	7	745
109	4	1506
311	12	60
1115	19	435
10	2	1959
1877	14	39
170	16	47
1254	14	74
1629	14	497
2389	4	9
16	3	1241
197	14	18
33	13	2390
314	44	345
1288	7	39
2032	7	39
169	3	16
2096	19	5
10	2	2391
62	29	1621
16	3	1425
33	13	979
67	0	0
26	11	145
637	1	144
884	1	254
18	20	941
1209	2	541
1482	40	1483
9	4	2092
602	3	177
366	3	687
282	1	949
1519	1	542
627	1	191
1583	1	469
1359	14	378
709	19	5
1449	55	26
10	2	1479
1629	20	515
2330	14	18
1940	3	126
1254	14	625
76	12	274
1	19	810
141	4	9
33	13	618
1093	22	20
246	1	144
1272	1	175
16	3	1059
538	1	3
14	6	258
74	5	1391
2131	1	50
99	12	1943
9	4	2223
883	29	10
318	37	148
62	30	234
9	43	406
33	13	465
9	4	2392
39	7	2363
16	3	1467
39	7	614
195	12	311
2275	4	9
655	28	53
463	16	1988
33	13	1361
9	4	2393
10	2	1472
345	0	365
10	2	2216
417	1	95
356	5	32
16	3	480
1063	4	778
33	13	2104
1206	22	20
128	19	706
1206	2	20
530	56	62
62	29	2336
353	3	214
890	19	435
33	13	57
387	1	804
793	14	18
378	44	345
1391	7	187
287	26	1686
177	26	81
14	6	325
24	1	191
701	1	95
23	1	191
1470	9	2394
33	13	2395
2	1	191
187	20	2214
2212	4	1055
515	1	2153
323	14	764
10	2	2396
1425	3	118
723	17	52
631	1	160
423	4	950
633	19	5
33	13	938
1051	22	547
858	20	492
1634	19	706
455	1	469
771	12	140
428	7	161
1550	4	9
62	29	1118
579	1	469
985	5	71
39	7	2397
1167	2	39
579	1	175
1337	12	543
770	15	20
2238	14	148
39	7	2086
187	20	2398
9	4	1117
99	12	112
1173	1	250
9	4	2399
323	1	326
311	12	79
2321	14	18
1721	3	16
1461	1	157
729	81	463
522	1	3
979	1	175
998	7	187
9	4	702
1244	20	39
714	15	543
33	35	2400
463	16	1698
1629	1	95
26	11	195
39	1	798
544	1	198
303	14	39
634	14	71
531	1	664
39	7	2044
1794	14	10
10	2	172
466	19	33
182	24	136
1842	3	16
62	30	20
1691	15	1145
828	0	205
388	12	37
197	1	50
1556	4	9
10	2	939
828	19	5
2126	20	46
219	24	136
9	4	2401
90	1	144
1112	19	5
10	2	2402
156	1	144
9	4	1838
995	14	18
2183	3	16
68	12	771
281	5	62
88	16	390
189	27	2265
30	12	37
80	1	3
126	3	82
815	55	26
735	1	42
243	0	345
1681	1	95
1850	20	39
10	2	2145
889	3	7
977	14	10
753	7	187
1110	19	5
2354	14	18
226	32	930
142	1	191
49	1	254
1457	46	152
16	3	2403
39	7	665
967	3	353
142	1	3
2071	2	258
2404	4	9
2291	3	177
1215	38	1672
113	12	84
15	0	0
693	7	187
120	3	494
735	19	5
948	2	840
33	13	1502
919	14	10
24	67	156
684	19	33
10	2	2405
167	1	104
923	5	720
226	10	723
32	7	1478
1686	1	95
386	41	1659
1326	1	254
2112	4	9
53	50	2406
10	2	1711
1141	51	2172
986	5	71
62	30	459
349	4	1822
10	2	2407
18	7	1545
2171	20	85
239	12	808
2064	7	74
20	5	2231
1019	4	892
1326	1	104
1305	77	2408
522	1	42
1381	15	1677
39	7	1490
1056	4	9
187	20	2259
532	34	189
9	4	2409
33	13	1523
476	1	104
9	4	2099
118	3	126
1730	41	396
453	19	1231
23	1	95
10	2	2371
149	51	148
345	0	137
26	11	2410
0	0	1052
564	12	1331
1494	14	18
1662	14	764
187	20	159
39	35	315
417	1	303
994	1	160
567	19	1228
442	1	254
23	1	175
771	28	53
1706	3	154
197	1	95
297	1	50
554	3	82
195	12	893
649	2	32
189	27	2184
33	13	2159
1249	14	18
24	1	175
46	7	1164
212	61	541
174	1	191
272	7	135
636	45	2411
33	13	2412
187	20	244
1695	1	95
187	20	1708
1790	7	39
137	45	527
1610	19	5
39	7	2413
150	1	144
1055	4	2212
1298	4	1063
132	1	144
177	26	127
30	12	408
1857	4	9
10	2	2248
237	1	175
195	12	30
24	1	2153
18	20	24
408	12	305
1639	14	18
33	35	411
189	27	2414
988	41	2209
773	1	104
126	3	2415
16	3	2416
74	7	2064
16	3	967
53	18	1532
1308	19	706
10	2	657
657	14	18
1179	1	95
16	3	2417
520	4	9
20	22	345
1422	12	524
420	14	10
735	1	50
351	12	580
113	12	470
1601	4	9
10	2	1614
46	7	1517
2418	51	463
33	13	180
346	19	5
1145	1	50
393	19	33
26	11	1301
38	8	924
681	20	32
339	14	39
1298	4	950
764	7	931
282	1	977
9	4	1579
251	4	1863
33	13	2419
803	3	16
568	1	104
92	16	2103
466	19	5
1265	3	353
436	1	160
248	3	16
18	20	170
316	1	250
1327	20	32
187	20	1981
698	14	18
2399	4	9
10	7	39
16	3	126
137	0	297
1201	16	2420
65	14	374
413	1	50
0	0	333
1677	5	62
1474	20	85
16	3	2272
463	16	1482
1141	15	463
774	28	53
10	2	2421
0	0	1129
327	69	97
226	32	2236
33	13	1533
26	11	2422
1123	3	353
10	2	2423
365	1	160
10	2	2424
126	3	2311
99	21	85
1217	33	1634
33	13	1826
10	2	1049
32	55	26
78	12	893
333	19	706
707	14	2053
9	4	1967
9	4	238
0	0	205
774	12	68
476	1	160
632	3	214
79	12	59
530	35	180
315	35	963
10	2	2128
484	4	778
278	3	16
117	5	13
1933	4	9
10	2	822
9	4	797
88	16	87
1236	5	71
33	13	2425
47	15	75
195	12	545
676	20	32
858	29	85
33	13	2426
693	1	144
949	14	187
187	20	1837
756	7	39
2242	2	258
330	3	765
9	4	2427
1998	41	496
1206	14	20
33	13	1076
10	7	597
486	19	174
292	60	822
2352	14	18
10	2	847
9	4	1995
455	1	664
570	14	378
185	10	226
568	55	26
350	4	9
10	2	2428
750	14	18
547	1	50
249	1	250
376	1	3
287	26	1897
1062	12	145
297	0	365
235	1	144
345	0	1634
10	2	2
24	56	1071
1802	4	484
62	30	210
2251	14	18
187	20	2412
33	13	540
298	1	250
10	2	1789
557	34	189
464	1	104
1455	28	14
550	4	2328
1566	14	18
145	28	14
187	20	1229
2429	3	16
10	2	1365
998	5	13
140	12	239
75	7	74
425	38	2104
62	29	2430
10	2	2431
189	27	2387
2432	4	9
1	19	5
189	27	2433
10	2	458
459	12	954
189	27	1664
926	4	355
9	4	2372
1629	1	144
1004	1	326
113	12	408
2434	1	144
1145	12	99
1604	35	1996
10	2	417
1987	14	39
531	16	47
998	1	95
2435	7	39
256	27	512
1236	14	71
937	1	798
10	2	1595
10	2	1138
18	20	371
256	27	651
33	13	2436
10	2	884
1489	14	1383
150	1	104
384	1	104
10	2	2437
189	27	2438
10	2	2439
2440	4	9
26	11	2441
177	26	2442
10	2	2443
2444	5	20
16	3	2445
1793	82	526
9	4	2446
10	2	2447
10	2	2448
33	13	2449
16	3	2450
189	27	2451
148	9	2452
2453	37	180
39	7	2454
9	4	2455
10	2	2456
10	2	2457
2458	83	781
33	13	2459
16	3	2460
53	66	2461
10	2	2462
10	2	2463
10	2	2464
33	13	2465
2466	4	9
2467	4	9
39	7	2468
799	16	2469
2470	4	9
33	13	2471
2472	4	9
1454	84	775
10	2	2473
33	13	2474
10	2	2475
353	3	2476
189	27	2477
2478	15	708
39	7	2479
450	29	2480
10	2	2481
62	29	2482
33	35	2483
10	2	2484
187	20	2485
39	7	2486
33	13	2487
32	45	2488
2489	4	9
10	2	2490
33	35	2491
33	13	2492
39	7	2493
10	2	2494
10	2	2495
120	3	2496
10	2	2497
9	65	2498
10	2	2499
10	2	2500
16	3	2501
1612	14	2502
177	26	2503
62	9	2504
10	2	2505
10	2	2506
1454	85	775
10	2	2507
39	7	2508
33	13	2509
33	13	2510
9	4	2511
33	13	2512
10	2	2513
10	2	2514
39	7	2515
53	50	2516
126	3	2517
496	86	2518
496	41	2519
46	7	2520
10	2	2521
10	2	2522
10	2	2523
62	29	2524
39	7	2525
126	3	2526
62	29	2527
118	3	2528
16	3	2529
26	11	2530
10	2	2531
33	13	2532
10	2	2533
10	2	2534
126	3	2535
10	2	2536
16	3	2537
16	3	2538
62	30	2539
10	2	2540
2541	41	396
33	13	2542
2543	60	822
16	3	2544
26	11	2545
187	20	2546
33	35	2547
10	2	2548
16	3	2549
10	2	2550
177	26	2551
10	2	2552
126	3	2553
16	3	2554
10	2	2555
10	2	2556
39	7	2557
53	66	2558
162	8	2559
10	2	2560
377	87	1651
33	35	2561
1679	16	2562
177	26	2563
