0	0	1
2	1	3
4	2	5
6	3	7
8	4	9
10	5	11
12	6	13
14	7	15
16	8	17
8	4	18
19	9	20
21	10	22
23	11	24
25	0	26
27	12	28
29	4	30
31	13	32
33	14	34
35	15	36
37	15	36
38	1	3
39	2	5
40	16	41
42	17	43
44	15	36
43	18	45
46	7	47
48	19	49
50	15	36
51	2	5
52	1	3
53	19	54
55	20	56
57	21	58
59	15	36
60	22	61
62	23	63
64	14	65
66	24	3
67	8	17
68	25	69
70	26	71
72	15	36
73	7	15
74	8	17
2	0	75
76	7	6
77	27	78
79	28	80
81	21	82
83	29	49
84	7	47
85	15	36
86	21	81
87	24	88
89	30	90
91	7	92
93	8	17
94	2	95
96	15	36
97	31	98
99	8	17
100	32	49
101	8	17
102	16	103
104	33	105
106	15	36
107	34	108
109	35	110
111	6	112
113	26	114
115	31	116
117	36	118
119	15	36
120	37	121
33	14	122
59	8	17
123	19	49
124	8	17
125	15	36
126	8	17
127	1	3
128	38	129
130	16	131
132	15	36
133	39	134
135	37	136
10	29	49
137	2	5
138	39	134
139	6	140
141	2	5
38	39	134
142	6	143
144	1	3
145	9	146
147	40	148
149	41	150
151	34	152
153	42	154
155	7	6
156	2	5
157	2	158
159	43	160
92	44	161
162	12	163
164	26	165
166	45	167
168	31	169
170	46	171
172	37	173
174	10	47
175	47	176
148	41	177
178	48	179
160	46	159
180	8	17
181	12	182
183	8	17
184	49	185
186	7	92
187	26	188
189	2	5
190	50	191
192	43	193
194	19	49
195	9	196
3	14	38
197	51	198
199	41	200
201	52	202
203	18	163
49	53	204
205	18	206
207	54	208
209	31	210
211	15	36
212	32	49
213	41	214
215	8	17
216	8	17
217	28	148
218	10	178
140	47	139
219	22	220
221	8	17
222	37	162
223	55	224
225	10	22
226	47	139
192	56	4
227	26	165
228	34	229
230	26	231
232	47	173
132	37	136
233	8	17
234	18	235
236	31	237
238	8	17
239	8	17
238	15	36
240	4	241
206	26	242
243	49	244
242	38	119
245	0	246
247	57	248
249	46	250
251	16	70
165	16	252
253	58	49
162	17	254
148	41	255
256	1	64
257	9	258
78	27	77
68	8	17
259	8	17
260	39	134
261	45	167
8	4	262
8	4	263
264	28	148
131	16	265
173	6	266
63	59	267
268	39	134
269	2	5
145	16	235
187	26	270
271	0	272
273	39	134
274	1	3
275	60	276
15	61	161
70	9	277
8	62	278
279	9	280
281	63	282
283	64	284
29	4	285
286	8	17
287	12	288
289	15	36
290	54	291
3	14	292
293	2	5
203	11	24
294	1	3
38	19	49
295	65	49
296	15	36
76	7	92
297	7	298
299	8	17
300	37	301
39	16	302
303	9	304
305	2	306
307	16	308
309	10	310
231	15	36
36	66	311
312	26	313
229	67	314
315	18	316
252	16	164
10	68	317
185	2	318
319	38	202
43	18	145
320	26	321
71	16	251
189	37	322
323	15	36
212	69	324
36	66	325
326	54	90
139	6	232
327	37	12
300	37	328
329	70	330
331	71	332
333	1	88
8	4	334
146	19	49
335	9	336
337	37	139
338	12	339
340	37	287
173	6	341
342	9	343
344	15	36
231	28	148
345	2	5
242	8	17
346	8	17
347	54	348
90	42	154
313	26	349
90	41	350
8	4	351
352	16	70
281	15	36
353	45	154
354	19	49
355	31	356
129	45	167
8	4	357
358	26	308
269	15	36
359	8	17
178	64	360
174	10	298
129	38	128
327	15	36
361	68	362
363	16	364
365	37	176
366	72	367
368	52	299
233	15	36
369	73	216
370	74	243
20	19	49
371	9	372
373	75	374
46	7	92
129	8	17
344	29	49
128	45	154
375	6	376
173	12	377
378	56	379
380	16	381
240	76	49
382	77	383
384	8	17
385	1	3
386	2	5
173	6	387
358	2	5
388	16	339
102	8	17
135	16	131
94	16	389
390	38	391
392	59	393
394	78	10
395	7	396
397	8	17
398	2	158
399	7	396
8	4	400
401	1	402
403	1	3
404	15	36
43	71	405
173	6	376
130	8	17
184	1	88
406	14	407
408	7	22
112	7	80
409	8	17
410	37	411
8	76	412
3	14	413
414	79	415
416	19	49
417	2	5
418	12	419
420	22	220
421	7	15
41	2	5
422	15	36
112	1	3
135	16	423
424	13	425
426	80	62
371	15	36
427	15	36
210	15	36
428	15	36
3	14	429
92	41	430
431	81	57
3	14	432
433	8	17
434	46	435
235	9	436
437	82	438
439	8	17
88	14	440
380	8	17
65	1	64
441	29	49
442	83	443
391	8	17
444	58	49
445	37	446
447	13	448
310	84	148
186	85	47
148	41	449
450	37	451
388	29	49
148	14	184
452	19	49
453	2	454
102	2	5
455	46	456
457	9	458
459	60	460
274	7	178
461	73	462
463	72	367
464	84	15
460	19	49
465	65	49
466	28	148
210	8	17
29	4	18
152	8	17
410	8	17
440	1	3
365	15	36
467	15	36
468	86	469
470	15	36
471	15	36
472	37	181
473	30	383
474	87	369
290	37	475
49	88	476
477	8	17
113	16	114
478	64	284
479	15	36
480	89	310
8	62	377
481	82	482
8	4	483
69	90	410
484	15	36
429	19	49
485	56	486
401	0	335
11	16	10
487	2	5
488	0	489
490	8	17
57	87	191
491	28	148
183	58	49
29	4	262
399	7	80
492	19	49
29	76	49
493	16	494
495	83	496
497	1	3
498	8	17
499	82	487
500	82	501
502	15	36
503	29	49
504	15	36
234	71	505
270	8	17
114	91	506
507	9	372
173	6	232
508	8	17
310	89	480
92	41	509
510	9	511
512	83	496
513	18	514
486	15	36
320	16	515
516	64	284
517	15	36
518	54	90
519	7	47
520	59	267
276	19	49
157	37	27
521	37	162
362	78	361
29	4	400
522	15	36
523	9	524
525	2	5
526	8	17
527	2	5
528	15	36
529	71	530
531	7	47
72	8	17
532	8	17
312	26	349
533	2	534
3	14	535
119	16	327
377	46	385
528	29	49
234	18	180
312	37	322
536	11	24
19	15	36
537	2	5
538	19	49
539	92	438
540	21	541
153	93	542
543	41	544
387	1	64
8	62	545
381	94	380
546	95	86
13	19	49
362	96	547
139	6	460
548	8	17
549	37	42
541	21	550
551	84	552
395	7	92
368	94	299
385	49	244
553	16	380
554	16	555
309	10	22
556	19	49
557	15	36
224	97	105
558	15	36
119	94	131
559	15	36
386	8	17
409	15	36
175	78	514
560	8	17
561	13	562
563	15	36
45	58	49
8	4	564
565	98	357
566	10	80
566	10	298
567	19	49
58	21	568
569	15	36
570	99	571
572	87	550
573	8	17
209	100	115
572	101	574
575	32	49
423	16	71
164	9	197
494	9	576
577	37	139
136	12	578
579	102	580
581	103	92
322	6	581
572	21	461
230	15	36
582	8	17
165	26	227
583	15	36
166	16	423
21	10	15
584	16	585
244	8	17
257	46	258
178	104	298
3	14	586
207	46	100
587	19	49
338	12	388
588	18	380
395	39	134
527	9	589
590	53	591
592	8	17
206	15	36
267	70	593
594	26	222
62	23	520
595	0	596
597	55	224
598	105	599
600	106	601
211	8	17
222	8	17
111	6	602
181	6	603
604	8	17
605	7	47
500	82	606
321	16	515
55	107	56
277	1	3
45	16	607
288	54	348
608	8	17
12	6	609
577	15	36
561	108	562
610	43	611
612	1	613
614	37	446
615	37	139
185	15	36
358	26	616
617	99	618
49	88	253
619	40	148
387	7	92
620	8	17
31	108	621
622	8	17
623	46	624
493	16	135
622	54	625
14	1	64
577	45	167
626	37	176
535	1	3
52	72	367
250	32	49
627	43	628
235	16	523
238	9	629
159	24	64
630	109	631
176	6	277
8	4	632
633	110	90
358	8	17
634	46	635
636	8	17
637	64	284
638	111	148
84	39	639
525	29	49
157	29	49
579	2	640
641	86	469
642	112	643
644	15	36
188	16	187
645	22	646
647	34	324
648	12	649
566	10	650
113	46	250
589	1	3
391	94	390
122	1	3
651	113	652
653	15	36
317	114	10
654	15	36
655	115	656
657	98	658
388	45	167
607	16	125
246	26	659
660	81	57
661	45	167
310	116	662
663	7	47
523	15	36
664	72	367
36	66	665
666	117	441
560	37	27
667	10	310
605	7	148
668	10	15
669	84	670
80	41	671
530	114	672
673	8	17
595	1	3
296	118	674
675	26	676
677	45	678
299	16	278
679	2	5
680	2	454
681	8	17
305	119	682
683	120	409
182	94	462
97	31	684
387	7	685
285	34	233
331	11	24
3	14	686
687	15	36
349	2	5
688	110	90
689	34	690
691	16	604
240	4	692
693	43	582
53	1	3
694	121	695
696	102	697
355	31	182
634	15	36
184	1	3
698	1	402
109	98	699
181	6	277
349	16	313
700	82	561
39	37	451
701	8	17
702	16	221
36	66	291
3	14	519
527	37	139
703	8	17
704	16	702
705	60	706
90	41	707
708	45	678
510	15	36
709	46	341
2	47	710
88	14	595
711	122	89
398	8	17
265	16	166
139	6	712
713	102	409
64	14	714
715	8	17
716	9	717
718	8	17
217	8	17
173	6	277
234	18	164
1	46	719
586	24	3
595	114	703
21	10	310
720	8	17
172	68	530
561	28	47
174	10	92
103	26	102
721	2	640
433	15	36
722	10	92
219	22	723
13	123	472
661	16	724
316	15	36
725	12	290
342	45	167
90	84	153
642	65	49
726	9	727
35	8	17
241	30	383
50	8	17
728	16	77
729	15	36
649	16	390
730	124	731
732	1	3
733	8	17
160	15	36
112	39	134
166	94	734
292	19	49
166	16	165
58	21	81
12	6	589
8	4	735
736	1	737
738	103	148
739	16	740
352	16	741
742	37	162
743	12	733
733	2	5
555	15	36
387	19	49
744	13	745
8	4	746
115	31	721
747	7	92
59	46	38
240	4	748
474	21	568
83	16	410
749	15	36
416	7	92
312	26	515
750	112	751
752	8	17
753	8	17
494	16	493
391	2	754
582	16	702
755	15	36
222	16	756
594	16	222
757	97	104
272	37	139
1	16	278
304	1	3
758	8	17
337	8	17
759	16	130
760	31	761
649	16	340
762	58	49
605	7	22
73	7	22
763	7	80
764	112	49
765	19	49
728	8	17
76	19	49
68	37	139
766	8	17
540	125	546
1	9	0
758	9	767
714	1	64
696	28	92
75	46	2
768	15	36
769	28	148
180	26	164
159	43	363
310	126	602
770	37	162
611	45	678
498	26	165
489	15	36
771	16	772
773	102	697
420	22	774
620	9	605
775	127	776
531	7	396
777	39	134
90	41	778
253	29	49
480	48	179
139	6	65
67	9	767
772	37	139
46	7	80
585	8	17
4	91	192
779	2	640
251	2	158
780	39	134
165	46	91
781	2	454
166	16	494
782	80	783
784	19	49
596	37	173
785	8	17
786	8	17
787	37	176
788	15	36
138	19	49
789	15	36
519	19	49
515	15	36
166	16	132
1	54	790
791	105	792
8	4	642
406	14	256
793	2	5
210	37	648
794	77	383
423	26	251
394	106	11
588	18	795
423	16	166
572	101	445
341	56	709
246	128	796
797	15	36
661	46	798
312	16	321
799	26	675
315	18	129
320	16	278
779	68	800
598	0	517
138	0	377
533	2	5
801	110	90
578	37	301
277	0	70
46	19	49
390	16	802
803	38	380
421	1	3
251	16	131
804	1	3
582	37	805
243	74	370
806	31	807
560	2	158
758	46	767
449	40	148
383	41	808
809	2	5
810	34	811
812	1	3
579	2	5
813	15	36
810	34	528
121	12	553
814	37	805
815	15	36
816	38	39
817	15	36
519	7	6
392	59	818
149	42	167
763	1	3
819	34	296
436	7	47
820	12	821
402	14	822
647	34	753
823	1	88
824	15	36
825	8	17
655	65	49
826	8	17
99	45	167
768	2	5
361	29	49
173	6	595
827	16	96
828	100	829
219	22	830
831	39	639
363	26	364
832	46	146
724	16	661
756	16	222
299	52	368
3	14	833
265	46	34
834	110	149
835	19	49
233	2	158
836	7	6
837	28	47
517	37	838
839	15	36
802	8	17
353	94	215
732	0	132
840	37	173
663	129	841
842	130	415
252	46	226
240	4	750
504	8	17
227	8	17
222	37	843
297	7	47
561	15	36
844	15	36
845	15	36
846	19	49
741	26	165
520	59	847
174	10	848
849	8	17
850	8	17
718	28	148
851	7	178
90	41	852
215	94	353
173	6	25
132	16	165
853	126	854
799	2	5
855	82	489
530	19	49
88	14	856
749	45	167
162	17	857
166	9	336
555	2	5
180	26	252
515	16	312
218	10	310
858	26	189
583	29	49
252	26	180
859	22	420
612	1	406
860	72	367
764	112	643
861	24	862
714	1	3
3	14	863
368	46	864
121	6	245
311	84	865
866	81	461
867	18	802
439	9	280
629	1	3
868	30	90
869	2	5
716	9	870
871	131	872
611	8	17
302	16	39
174	10	650
230	45	678
873	64	284
874	108	875
29	4	876
390	94	391
265	9	877
39	38	131
377	15	36
878	108	879
114	16	113
617	132	880
727	1	737
670	84	669
566	10	881
882	72	367
883	22	220
884	1	3
607	26	45
752	15	36
188	26	187
885	8	17
84	7	22
70	16	352
818	70	886
802	16	302
305	133	697
235	16	145
887	84	888
73	1	88
793	37	121
410	15	36
52	19	49
889	134	890
124	54	891
141	91	405
402	14	892
438	28	92
391	37	411
79	37	451
8	4	893
847	70	18
894	2	454
750	112	895
230	8	17
531	7	92
347	15	36
896	34	242
8	62	1
299	15	36
581	7	15
612	1	64
897	34	898
55	107	92
88	31	521
826	9	899
900	1	64
859	22	61
600	7	396
901	8	17
704	16	582
902	8	17
903	21	572
904	2	5
905	15	36
855	135	54
8	4	906
165	16	498
176	6	907
767	39	134
908	122	909
235	46	378
910	34	653
36	66	911
912	8	17
913	16	762
186	7	47
341	1	3
914	8	17
765	39	134
624	78	623
387	47	176
847	70	241
332	1	3
276	1	3
29	4	735
915	136	17
916	24	737
917	112	49
918	19	49
507	15	36
173	12	919
920	19	49
247	57	80
13	47	12
8	4	921
297	7	92
165	26	741
821	29	49
191	87	57
434	9	435
342	2	5
339	16	388
322	12	312
576	39	134
649	37	287
429	1	3
922	37	136
634	16	1
923	2	5
924	40	92
45	16	925
926	24	927
928	87	369
929	107	930
931	8	17
57	21	82
132	16	932
531	7	80
933	59	329
934	8	17
458	39	134
724	9	535
362	103	80
279	54	935
91	7	396
455	16	936
47	48	179
937	15	36
716	8	17
938	56	939
940	103	92
182	8	17
231	26	230
941	8	17
441	46	155
3	14	763
160	9	38
751	137	49
317	106	11
148	41	942
877	72	367
943	18	594
190	8	17
493	15	36
272	15	36
240	76	944
267	70	868
945	92	946
947	29	49
948	31	949
88	14	530
607	8	17
15	138	950
805	6	212
683	136	17
951	1	3
103	26	41
832	15	36
739	26	740
1	16	634
383	42	154
628	8	17
118	23	657
312	9	395
321	9	354
230	28	148
163	16	680
952	139	953
954	8	17
955	8	17
151	55	956
957	12	958
855	82	959
960	19	49
683	120	404
504	2	961
106	29	49
131	9	294
349	46	732
41	8	17
962	72	367
725	12	963
531	39	134
964	19	49
225	10	298
965	37	301
588	18	966
331	18	967
654	68	968
969	39	134
182	37	181
970	2	5
90	41	971
972	28	92
973	1	3
600	7	148
14	7	92
276	7	6
974	37	451
10	15	36
312	37	12
226	19	49
975	111	310
846	7	685
594	8	17
383	42	167
191	87	81
976	15	36
758	9	485
96	16	45
370	19	49
369	87	461
758	16	67
827	8	17
977	40	148
978	81	81
476	15	36
595	0	979
821	2	5
925	16	827
145	16	523
980	19	49
792	105	243
628	16	242
821	37	162
235	9	378
981	5	982
486	8	17
686	1	983
984	31	359
985	31	439
986	8	17
650	48	179
348	97	105
987	7	80
988	82	335
680	54	989
84	7	15
603	39	134
470	8	17
531	7	298
3	14	602
802	37	446
12	6	732
740	8	17
441	8	17
39	52	816
990	140	148
991	15	36
176	6	992
8	4	764
248	138	49
391	26	340
176	6	370
245	0	616
369	101	993
203	18	361
107	34	188
994	141	995
996	15	36
997	64	284
186	19	49
998	94	734
438	81	369
999	1	737
1000	15	36
1001	142	24
438	54	1002
137	37	162
856	106	1003
981	15	36
1004	12	1005
90	41	1006
428	9	297
1007	8	17
837	108	1008
1009	15	36
27	12	1010
1011	37	451
435	19	49
274	7	47
675	16	676
49	53	881
487	54	224
1012	81	57
557	16	1013
1014	39	134
1015	15	36
844	26	257
324	46	212
90	41	896
693	43	189
3	14	458
614	45	1016
257	8	17
119	143	242
1017	56	939
901	25	92
598	78	1018
90	41	1019
959	15	36
1020	19	49
651	113	931
1021	20	56
1022	8	17
1023	1	3
537	8	17
69	90	70
180	16	164
617	90	39
1024	2	454
173	6	13
815	8	17
566	10	1025
1026	31	1027
725	12	1028
1029	7	92
1030	15	36
1031	8	17
1032	2	5
143	103	310
458	19	49
155	7	22
121	12	1033
148	41	1034
683	120	1035
260	1	406
616	37	1036
176	6	175
1037	37	173
1038	15	36
563	8	17
321	16	320
411	12	802
307	16	377
1039	2	318
887	64	284
87	32	49
121	12	364
421	7	22
34	19	49
349	16	1040
614	8	17
802	37	411
173	6	370
933	98	642
932	8	17
494	16	265
729	37	42
606	15	36
857	11	24
165	9	884
1041	2	5
240	4	886
969	7	92
1042	9	999
1043	85	685
854	39	134
181	6	899
365	8	17
88	14	987
550	21	546
1044	32	49
118	23	1045
1046	40	148
933	59	267
1047	28	148
164	9	968
612	144	1048
124	2	158
202	52	319
1049	1	3
424	128	1050
1051	28	148
1052	31	1053
957	12	1054
836	7	15
363	46	159
772	15	36
572	73	340
1055	34	594
635	72	367
279	15	36
571	145	570
186	7	22
461	21	58
1056	15	36
663	7	22
196	19	49
827	15	36
278	16	1057
135	8	17
602	124	731
190	15	36
173	6	823
1058	31	1059
173	6	747
235	16	379
975	140	310
364	46	159
1060	37	176
130	16	166
1061	8	17
90	41	1062
103	16	102
490	15	36
634	9	635
349	8	17
1063	15	36
132	9	732
290	54	1064
70	26	423
1065	92	72
290	2	5
515	16	321
539	92	441
1066	37	42
1067	16	582
617	97	104
240	76	751
131	16	759
70	16	741
1022	9	91
1068	1	3
856	1	88
43	18	490
36	66	1069
390	29	49
1040	29	49
436	7	178
621	75	414
264	15	36
1070	122	89
133	19	49
485	19	49
770	15	36
191	101	1071
232	39	134
60	22	1072
711	122	1073
1013	58	49
340	37	1074
1075	45	167
148	41	990
1076	19	49
423	26	70
724	9	635
246	54	796
744	108	374
189	16	858
1077	146	1078
256	72	367
389	16	39
65	1	3
112	7	22
36	66	1079
219	22	1080
42	6	610
1081	39	134
1082	1	3
114	8	17
966	15	36
436	7	6
1083	102	1084
1085	130	415
690	37	162
11	46	317
173	6	1086
608	2	5
232	1	3
844	2	5
176	6	747
1087	8	17
901	15	36
8	4	1085
600	1	3
90	41	1088
69	90	201
93	15	36
565	59	847
472	37	176
233	54	383
132	9	765
266	1	3
3	14	706
1089	1	737
42	6	171
974	8	17
281	133	305
25	114	26
1090	8	17
539	92	116
69	90	166
261	2	5
135	16	130
580	102	409
717	19	49
1091	58	49
1033	26	364
3	14	376
851	7	396
1092	15	36
8	4	1093
58	21	903
779	15	36
955	15	36
1094	37	12
1086	1	3
1095	46	184
1096	54	383
1097	7	396
968	49	654
967	37	328
421	7	47
877	1	64
475	12	958
1098	8	17
29	4	893
354	1	1099
36	66	1100
440	19	49
1101	8	17
313	16	312
182	81	572
692	112	1102
38	47	1004
3	14	1103
378	1	3
29	4	868
113	2	5
1044	43	444
293	54	147
553	16	381
29	4	699
164	9	198
1104	132	880
441	45	678
533	29	49
1105	70	1093
309	10	80
892	1	402
162	12	514
273	19	49
90	41	1106
307	37	173
1107	37	725
3	14	395
1108	1	3
274	7	15
1063	8	17
553	26	381
718	26	866
946	8	17
159	24	3
234	18	1067
1109	41	911
1110	32	49
333	39	134
1111	31	422
81	21	572
1112	54	1113
515	26	321
391	38	83
1114	84	149
693	43	932
1086	19	49
681	15	36
700	147	310
491	54	449
1115	123	472
1116	1	64
1117	130	415
1118	26	1018
240	4	351
133	7	15
523	16	235
722	10	22
339	37	338
666	117	1119
497	19	49
3	14	1120
83	26	410
860	39	134
100	0	207
170	15	36
769	45	167
456	39	134
498	16	741
1121	128	224
139	6	899
285	34	606
1122	41	790
163	37	162
661	16	728
1123	106	11
418	12	75
142	6	951
667	10	22
418	12	507
155	7	15
1124	36	118
395	124	936
8	4	151
1125	28	148
663	103	92
1126	19	49
294	19	49
1127	8	17
1128	24	3
240	4	1129
349	26	1040
708	8	17
453	8	17
34	1	64
1130	15	36
775	127	1131
941	16	165
995	15	36
1132	49	489
130	16	265
131	67	119
1133	54	942
965	29	49
540	87	191
18	112	49
1134	15	36
1135	16	1136
566	10	1137
294	148	971
276	7	47
89	115	1138
3	14	399
162	12	521
851	7	15
1139	55	291
43	71	159
1140	2	5
747	7	591
265	16	135
932	46	833
78	9	155
702	16	704
191	101	1141
902	2	5
67	9	133
1142	149	1143
568	87	540
1144	8	17
747	124	1145
1123	56	10
539	92	1071
773	8	17
1060	15	36
503	2	454
1146	81	57
610	43	93
730	7	148
1098	128	1147
661	8	17
389	16	302
1148	150	92
530	74	440
377	37	1149
1150	15	36
653	2	5
456	72	1151
828	100	355
92	14	780
802	143	894
1152	29	49
8	4	1153
1154	151	92
1030	128	942
485	72	367
453	45	167
113	91	506
432	0	352
361	9	362
680	37	162
8	62	713
242	2	318
1095	15	36
898	8	17
25	1	88
683	120	684
287	12	39
1155	29	49
312	16	515
967	2	5
471	91	610
1156	7	80
599	1	3
91	7	298
762	45	167
1157	103	92
421	129	1158
86	95	546
1159	54	625
578	37	136
676	16	799
541	21	86
303	16	237
610	19	49
1160	8	17
710	12	772
109	35	1161
1027	2	454
660	54	1162
173	6	138
620	2	961
346	2	158
36	66	90
303	16	1163
1164	31	1165
1166	9	992
34	49	768
310	41	1167
600	19	49
591	84	480
1103	1	3
290	45	1139
518	29	49
1168	107	1169
1170	54	149
14	7	47
522	45	167
292	114	703
26	2	5
1171	2	5
461	21	81
943	18	222
729	37	12
1171	8	17
92	14	408
1066	9	65
474	21	369
1172	16	797
1170	68	25
8	4	897
1173	65	49
883	22	774
1033	15	36
327	46	13
221	16	702
8	4	1117
972	8	17
626	37	162
1174	8	17
184	103	148
968	1	927
615	37	136
265	58	49
1159	37	1001
1175	8	17
357	34	347
1176	83	496
817	37	173
1177	41	1178
467	8	17
1179	9	576
43	18	554
1180	2	5
119	152	131
338	17	867
791	105	243
802	16	445
802	15	36
798	72	367
616	15	36
1047	8	17
730	103	310
36	66	757
910	34	1181
992	1	1182
763	7	685
117	98	868
1183	116	1184
676	26	675
970	8	17
1083	8	17
644	128	1185
168	100	97
288	128	348
804	19	49
370	49	244
139	6	226
635	49	634
1	8	17
294	1	64
1186	19	49
1032	128	208
1187	39	134
1188	64	284
642	112	895
239	37	142
713	54	383
1189	46	332
1037	68	341
1190	15	36
316	26	484
252	16	165
583	46	1191
368	9	492
36	66	1192
740	15	36
1193	15	36
451	12	1194
1170	37	173
8	62	180
92	41	571
490	46	1195
620	58	49
1196	54	383
968	19	49
1197	15	36
269	16	141
1198	8	17
759	16	493
746	112	751
606	8	17
461	21	57
1195	39	134
172	8	17
55	20	479
1019	109	1122
1083	37	27
524	7	80
1199	19	49
550	87	369
1200	150	92
694	121	90
68	16	1031
1092	28	92
1201	79	415
173	6	599
488	32	49
36	66	1178
297	106	1202
141	8	17
131	16	1203
225	10	92
624	7	92
1043	19	49
313	26	1040
364	16	160
1204	34	1005
896	30	90
781	8	17
712	1	3
162	17	23
395	7	22
931	81	1205
237	16	303
131	16	251
902	15	36
159	43	1033
387	7	15
489	37	173
1206	45	167
972	45	167
1207	19	49
686	1	3
1208	8	17
751	137	853
1209	32	49
331	18	1003
148	84	310
772	16	771
176	12	365
1035	37	136
392	131	667
730	1	3
271	0	35
894	38	758
1210	15	36
240	76	1211
1212	8	17
538	7	396
787	45	678
511	19	49
818	70	241
139	12	1
1213	79	415
324	8	17
805	12	419
258	19	49
1214	8	17
793	143	119
657	98	357
1215	8	17
759	16	131
1095	28	148
487	2	640
831	19	49
131	16	494
117	131	872
998	16	1033
622	9	505
1216	64	284
634	9	1217
246	16	659
769	8	17
634	46	1020
1074	12	340
511	39	134
747	7	178
1133	15	36
381	26	380
1217	72	1151
1218	49	694
1219	8	17
2	103	92
29	4	483
29	4	1062
419	37	805
722	10	310
321	15	36
676	2	5
39	37	287
424	108	879
92	61	161
705	60	1157
998	46	831
1220	34	1221
1217	7	6
251	26	71
871	35	1222
595	19	49
309	10	685
276	7	148
1223	2	5
91	153	486
290	37	725
1224	107	56
421	1	927
710	12	966
231	8	17
489	91	245
421	7	6
423	26	71
339	28	22
301	12	814
81	21	568
407	1	406
236	31	1071
342	15	36
1225	15	36
1155	15	36
1097	19	49
538	7	80
377	46	138
0	1	3
1226	79	415
1195	0	410
450	81	57
651	113	431
951	7	80
614	37	411
383	42	1016
835	1	33
333	19	49
171	43	279
88	14	763
392	79	415
377	68	385
1092	45	167
1227	15	36
519	7	22
45	16	96
1228	15	36
1229	19	49
912	28	148
932	16	180
8	4	1230
136	12	1155
1221	8	17
70	46	277
72	26	278
848	84	552
662	40	310
1231	11	24
716	29	49
479	8	17
597	115	1232
1118	37	1233
148	41	910
421	1	406
657	59	1234
1013	15	36
68	45	167
870	19	49
176	6	603
1235	64	284
352	37	42
1148	140	92
1017	1	3
210	37	287
1143	2	5
950	53	15
507	8	17
109	59	1105
3	14	1236
932	46	693
164	16	180
310	41	662
1237	39	134
1176	154	1064
191	87	1205
342	126	1103
176	12	991
1121	8	17
461	73	866
538	7	47
307	15	36
827	16	925
1005	28	148
171	24	3
712	47	710
187	8	17
78	8	17
36	66	92
581	7	22
833	19	49
8	4	1238
240	4	699
215	121	90
141	46	405
252	29	49
176	6	899
8	76	895
401	19	49
461	21	369
221	9	863
255	140	148
1154	151	15
604	16	691
1217	7	396
376	47	743
36	66	1239
482	26	1240
188	37	1074
49	88	1241
57	21	1205
963	8	17
1242	7	298
1036	6	1243
566	10	22
8	76	1244
159	0	1033
939	8	17
743	12	1098
614	81	58
148	41	1245
503	8	17
378	7	22
680	16	163
1246	8	17
1247	39	134
453	15	36
790	109	1122
706	1	3
1196	2	5
1040	15	36
795	2	640
240	4	1093
1042	8	17
174	10	22
585	16	584
377	26	244
430	40	92
994	141	1112
1248	31	1249
1092	16	959
612	19	49
739	15	36
1250	15	36
882	1	3
1251	48	179
140	1	3
1096	15	36
345	26	817
1218	123	137
552	84	848
1252	7	148
159	0	364
743	12	377
1253	39	134
137	8	17
312	16	1040
175	1	88
642	34	532
600	103	92
1254	115	1232
121	6	66
8	4	214
1096	45	167
177	112	1102
1255	30	1104
1256	8	17
662	111	310
1030	28	148
276	7	15
1033	46	610
1170	46	25
835	39	134
1225	8	17
596	68	440
173	12	817
451	17	867
1257	15	36
383	41	241
1132	39	134
524	7	298
121	12	1258
379	8	17
572	21	81
28	29	49
990	111	148
1259	64	284
29	76	1260
805	17	43
29	4	357
730	47	142
1245	111	148
863	39	134
1261	8	17
705	16	275
202	94	319
8	62	814
435	1	3
704	45	167
706	56	288
1262	3	1263
568	21	58
978	81	57
642	34	290
738	1	3
1190	50	191
581	7	47
299	26	278
483	112	895
1001	17	331
515	9	882
441	15	36
29	4	351
1018	2	5
1264	2	5
779	16	981
1265	112	895
475	12	1028
362	0	361
212	24	64
1036	17	943
1115	1	402
165	16	227
1266	155	1267
549	37	12
499	82	525
490	68	1195
1268	77	149
1269	65	49
672	8	17
1157	7	298
390	37	287
8	4	1270
162	17	536
385	47	710
1157	7	80
49	53	1137
45	16	827
798	39	134
239	2	5
919	15	36
460	106	459
734	45	167
343	85	22
1252	7	80
683	120	453
474	21	572
771	15	36
1271	37	176
572	21	57
741	16	165
572	21	474
163	8	17
377	16	616
161	156	668
1272	92	98
389	16	1273
786	2	5
1274	30	90
188	8	17
856	1	3
3	14	511
1275	92	431
70	16	71
242	16	206
712	19	49
566	10	848
1276	15	36
317	39	134
549	46	212
286	58	49
1277	19	49
1214	15	36
81	87	191
266	19	49
1278	8	17
611	15	36
64	14	892
321	26	515
694	8	17
495	83	1279
173	12	345
526	15	36
340	15	36
1280	8	17
468	65	49
600	7	22
162	17	1281
165	16	164
8	4	1282
171	1	3
697	133	305
603	19	49
8	4	1283
138	1	3
687	8	17
433	16	85
630	64	284
1284	7	22
489	29	49
566	157	161
19	29	49
1175	81	81
62	23	933
368	2	640
659	16	246
524	19	49
923	45	167
314	67	229
1124	131	872
758	38	894
1285	41	1286
410	37	648
1284	7	47
511	1	88
48	78	417
458	1	3
506	0	114
545	102	233
12	6	600
1287	48	179
1063	37	121
373	75	1288
1022	2	5
240	4	746
368	15	36
908	122	1289
716	58	49
410	9	877
166	16	493
821	54	348
438	8	17
410	37	287
333	106	1003
408	7	6
1290	8	17
666	117	340
139	12	772
458	72	367
417	8	17
1108	39	134
349	15	36
582	26	1067
3	14	84
334	34	844
1291	55	224
36	66	1292
90	42	1016
258	49	257
63	80	62
736	149	444
423	45	167
3	14	1293
411	12	649
951	7	92
901	9	851
276	7	92
288	68	421
349	26	312
635	19	49
87	19	49
631	41	630
71	9	900
31	108	32
1294	28	148
724	9	629
1014	19	49
307	46	138
271	24	1295
1285	41	1296
161	158	668
308	16	358
817	16	1028
476	2	5
90	41	865
1297	91	250
408	7	15
741	16	498
1298	8	17
882	39	134
712	1	406
91	7	148
1174	108	1299
965	15	36
3	14	497
1005	2	5
1300	92	368
271	43	428
1005	8	17
39	29	49
256	19	49
874	13	875
604	15	36
929	20	930
970	37	121
1301	19	49
297	7	6
312	26	1040
1302	25	665
369	87	546
1303	8	17
183	2	5
83	54	90
305	54	383
107	34	303
100	0	1033
117	35	1222
114	46	506
1304	136	683
500	82	749
133	7	22
722	10	178
609	39	134
327	16	119
666	117	1071
804	39	134
1305	15	36
36	66	1306
794	77	90
63	98	351
698	19	49
629	39	1307
382	127	794
242	37	173
14	7	80
1308	8	17
932	16	132
260	19	49
371	8	17
127	39	134
310	89	552
683	120	785
1168	20	1309
250	0	114
1028	15	36
388	15	36
676	45	167
8	62	1310
635	0	634
1082	19	49
369	87	474
226	39	134
49	53	148
1311	8	17
933	80	62
492	39	134
1312	37	1313
1314	120	384
307	16	358
437	82	972
275	30	90
939	29	49
1258	8	17
1108	0	1315
1	46	0
1068	19	49
36	66	224
719	56	490
48	1	3
132	16	166
90	41	633
230	16	231
1316	30	90
1074	12	302
1033	16	998
840	68	407
1317	43	1042
537	26	1318
742	15	36
844	9	0
55	107	1319
1160	159	39
1320	8	17
579	102	503
1035	8	17
892	1	3
1321	115	1322
77	15	36
12	17	234
659	30	90
410	16	802
1140	8	17
131	16	493
1323	71	159
3	14	1324
513	18	1325
939	5	1326
6	41	917
253	8	17
124	2	1327
266	47	1004
518	15	36
322	6	436
364	8	17
96	16	827
1154	151	298
268	19	49
605	7	80
473	115	1328
92	41	1002
1329	18	615
966	9	46
145	15	36
21	10	92
697	2	306
675	16	102
1297	15	36
169	15	36
586	1	3
364	37	121
90	41	1330
1331	135	49
391	38	390
122	39	134
805	6	432
794	77	69
219	22	774
525	94	749
229	2	5
572	87	81
73	47	322
696	8	17
855	82	549
1252	19	49
951	7	6
832	2	5
40	16	103
278	26	320
36	66	147
354	1	64
1258	37	121
820	6	250
424	13	1332
518	2	318
1217	7	47
943	71	245
779	8	17
584	8	17
437	82	398
1018	16	1118
1135	8	17
623	15	36
618	41	617
674	118	296
605	39	134
802	16	275
58	95	461
967	15	36
277	39	134
865	110	90
8	76	1211
1118	26	797
3	14	1023
1203	26	131
612	129	841
1015	8	17
1066	29	49
1015	2	5
246	91	245
1333	92	487
447	28	92
240	4	1334
1015	26	573
1335	2	318
522	8	17
405	32	49
628	9	938
29	4	886
1336	28	148
946	15	36
439	2	640
649	2	640
1153	65	49
1253	19	49
539	92	1337
39	45	167
1078	99	1077
241	34	1096
321	26	320
1338	15	36
57	21	369
1339	8	17
904	8	17
70	9	899
740	28	92
1193	29	49
395	19	49
1121	54	224
487	128	224
499	82	1121
347	8	17
275	16	705
404	8	17
1340	31	1071
846	7	80
1154	151	178
966	9	413
35	2	5
129	15	36
274	7	92
602	39	639
1033	37	42
8	4	842
864	0	368
495	83	443
378	39	639
189	46	693
385	0	377
1341	111	92
1040	16	313
795	160	405
156	8	17
969	7	396
809	159	1061
363	16	160
803	8	17
832	68	146
3	14	232
278	16	72
932	37	805
1065	92	1337
421	7	92
180	26	165
785	2	5
550	21	57
596	68	595
313	26	312
352	46	432
1342	9	1081
139	6	1068
1343	94	68
645	22	61
395	7	47
29	4	1344
1203	8	17
3	14	1157
387	7	80
1345	65	49
265	9	538
275	60	133
1174	15	36
826	45	167
70	9	112
300	15	36
308	26	358
1346	8	17
71	45	167
10	161	11
288	8	17
26	8	17
1062	30	90
139	6	599
799	16	102
49	53	248
251	29	49
545	2	5
628	46	524
383	41	1347
1348	8	17
1349	8	17
1125	8	17
74	15	36
159	0	160
1324	1	3
811	2	5
1350	1	3
113	46	506
92	41	1351
1335	9	429
1133	8	17
1137	138	49
76	7	80
1302	29	49
191	87	540
342	9	1352
1353	19	49
139	6	385
507	37	805
545	81	369
162	12	742
1160	94	83
1191	24	3
3	14	171
1205	87	191
663	7	92
817	26	345
1354	64	284
551	48	179
177	30	449
418	12	615
1355	111	148
437	147	92
243	105	792
3	14	1115
616	8	17
301	12	578
780	103	92
1262	90	131
1202	46	297
539	92	1261
324	162	212
928	21	369
488	24	3
816	54	1356
798	19	49
1335	9	421
153	42	1016
161	158	566
951	19	49
381	16	553
814	8	17
1118	8	17
1159	15	36
767	1	3
320	26	312
82	21	57
1335	2	454
958	37	725
566	10	685
364	9	413
1357	34	995
408	7	92
593	34	270
3	14	899
85	16	433
3	14	196
340	26	391
781	15	36
1358	163	1359
1266	8	17
202	94	636
1360	16	94
406	14	497
160	16	363
928	21	57
218	10	47
132	9	1049
1217	7	80
1160	15	36
1063	37	301
8	4	810
1361	120	233
280	19	49
713	15	36
124	102	703
423	16	493
178	93	1362
212	24	3
1363	163	1364
1243	24	3
617	97	105
747	19	49
1179	45	167
251	16	71
136	12	932
8	76	643
1365	59	393
29	4	842
566	10	6
107	34	1063
132	46	1049
364	26	1033
1035	37	139
980	1	3
1125	15	36
1039	15	36
105	33	104
787	46	184
602	39	134
899	72	367
305	8	17
225	10	148
36	66	834
80	44	161
3	14	1187
66	24	927
1301	1	3
1366	11	24
390	26	649
1092	26	959
202	15	36
132	8	17
683	120	1367
398	45	167
1073	115	1368
29	62	959
787	8	17
624	19	49
773	45	1016
1369	48	179
3	14	589
996	161	1370
173	6	589
308	2	5
600	7	6
423	16	135
288	15	36
645	22	830
1063	16	675
139	6	370
546	87	369
919	37	173
949	8	17
1097	7	80
1057	45	167
1070	122	1371
252	16	741
231	16	230
191	101	574
29	4	1372
1373	8	17
165	16	941
3	14	738
330	34	684
714	39	134
246	8	17
191	101	445
235	46	436
680	128	989
576	19	49
697	8	17
223	55	1364
369	73	866
508	2	639
1374	38	377
1198	2	5
29	4	334
407	1	64
1242	7	47
1353	1	737
1373	2	5
1191	43	583
1375	37	725
699	55	1376
1355	40	148
278	15	36
187	81	550
6	138	49
662	132	880
493	16	166
1218	78	1150
566	10	178
31	8	17
46	1	3
1098	54	153
1377	31	431
793	94	1075
1378	130	415
131	16	135
1379	9	800
20	72	367
502	38	713
181	6	747
981	8	17
1241	15	36
428	8	17
1380	2	5
836	7	396
1305	8	17
271	24	88
1353	1	3
176	12	787
109	35	1222
904	58	49
1198	45	167
8	4	1381
1376	64	284
858	16	189
705	60	399
1014	1	3
703	15	36
835	1	3
1290	15	36
978	81	369
799	16	676
675	16	1063
377	26	616
775	77	149
119	67	131
1382	19	49
307	8	17
599	47	173
71	8	17
843	6	155
112	19	49
1044	43	996
3	14	864
1383	15	36
538	7	22
969	7	6
1320	2	639
139	6	505
369	87	191
1384	8	17
1382	49	779
816	128	1356
566	10	92
447	45	678
1385	64	284
629	39	134
1386	8	17
266	47	173
336	39	134
941	16	166
1387	49	1325
44	37	176
1017	106	1326
1157	7	47
59	37	136
447	108	448
996	8	17
758	16	1386
962	19	49
524	7	92
1388	102	1196
883	22	1072
251	26	423
731	46	602
351	112	49
593	112	895
878	15	36
73	7	92
3	14	341
90	41	311
11	26	10
1298	128	348
81	21	86
1220	112	49
1148	111	92
1389	2	5
539	92	761
821	8	17
369	73	545
1350	19	49
1237	19	49
1108	49	242
395	7	15
406	14	581
1390	2	5
364	26	160
160	16	364
440	0	596
160	37	12
758	9	605
102	26	691
76	7	15
166	9	765
531	7	15
416	1	3
531	106	1391
1365	59	818
1237	49	1037
623	2	5
1392	37	42
1253	1	3
1101	37	121
1126	39	134
1115	1	3
92	41	1148
1204	34	1181
379	2	5
679	28	148
59	9	38
510	2	5
742	37	176
219	22	61
94	16	1360
222	2	5
1097	7	6
1131	77	149
1156	7	92
196	1	402
1179	9	836
1393	131	667
763	19	49
947	8	17
10	8	17
41	16	103
969	7	80
81	95	461
465	115	656
395	1	3
216	15	36
717	43	1094
176	12	397
995	8	17
805	6	171
595	49	596
271	24	1394
334	112	895
1395	9	341
96	16	925
1073	30	153
278	46	719
205	11	24
1312	8	17
881	84	148
417	37	173
1157	7	15
661	15	36
607	37	136
1094	29	49
10	46	317
903	87	58
88	14	823
660	8	17
71	26	70
139	6	598
370	123	626
240	4	1396
686	103	92
8	62	583
1109	41	688
340	16	389
122	49	1037
1169	104	92
221	9	1277
866	16	718
1218	19	49
494	16	423
348	132	880
600	7	15
1101	9	378
1223	8	17
1397	8	17
714	19	49
29	4	151
1343	37	12
40	26	41
364	16	363
578	8	17
301	12	1398
966	37	139
55	126	1399
546	101	993
1187	19	49
36	66	688
1293	19	49
369	21	474
203	18	626
207	8	17
37	16	242
1400	72	367
13	0	327
792	103	92
178	42	167
1083	119	1401
740	26	739
222	16	594
722	10	80
863	1	3
187	16	270
758	15	36
1029	7	22
159	32	49
182	2	640
139	6	435
293	8	17
8	4	1255
919	2	5
987	19	49
1179	58	49
148	42	1016
159	0	363
230	128	1046
340	37	411
792	19	49
1169	41	1104
1402	135	49
606	119	682
1403	32	49
1276	16	1155
254	18	1404
466	54	148
1352	19	49
0	19	49
408	19	49
976	8	17
85	26	433
713	102	257
317	144	1048
521	8	17
734	2	5
814	45	167
826	29	49
1405	19	49
951	7	148
494	16	135
180	9	833
229	37	121
142	6	452
320	16	312
298	104	930
444	9	1406
654	9	1253
747	1	3
69	41	1407
846	7	92
1284	7	6
1408	15	36
634	2	5
663	7	80
740	16	739
212	0	549
1388	15	36
517	68	598
546	21	550
21	10	650
1409	46	341
29	4	1265
423	16	131
3	14	960
131	46	294
423	16	494
767	19	49
1410	60	581
1411	115	1232
936	8	17
645	22	1072
1412	65	49
276	7	22
175	49	514
726	8	17
1413	9	1400
1400	19	49
823	19	49
494	9	226
1414	72	367
229	15	36
912	15	36
981	16	779
634	8	17
8	4	241
361	37	173
1022	16	307
849	15	36
248	84	650
1404	8	17
173	6	738
377	16	307
79	8	17
940	7	6
254	71	600
1194	2	454
1163	26	303
391	94	83
753	29	49
713	45	167
133	7	92
629	19	49
164	26	252
36	66	1415
349	16	312
911	110	90
1142	1	737
58	21	82
734	8	17
447	8	17
531	1	402
596	26	979
57	21	81
320	8	17
1127	2	640
1014	1	33
980	39	134
587	39	134
1157	1	3
1215	15	36
705	60	992
489	68	1132
605	7	6
730	72	367
1337	8	17
789	8	17
449	140	148
21	10	848
1167	140	310
755	45	1139
1416	12	1417
575	43	559
787	28	148
1312	15	36
526	9	372
676	8	17
1418	64	284
327	16	922
274	7	224
98	15	36
466	2	5
1419	15	36
797	2	5
515	16	320
858	2	5
663	7	15
731	8	17
1420	11	24
634	9	918
1421	84	1422
1423	28	148
58	95	81
709	8	17
369	73	739
515	8	17
501	2	158
37	8	17
573	29	49
538	1	3
1061	159	809
148	41	619
411	12	340
381	16	380
1202	30	90
446	12	39
43	18	821
775	77	383
1424	84	1425
1426	15	36
784	0	1060
724	54	1427
1428	65	49
2	1	88
1333	92	210
407	19	49
1264	54	383
90	41	1192
347	2	454
46	39	134
12	12	327
573	26	1015
202	45	167
191	101	453
940	39	134
1320	164	530
141	16	269
1063	16	676
451	12	188
76	144	1048
36	66	971
276	123	1060
174	10	310
1075	94	793
1053	8	17
1429	15	36
117	35	1161
202	38	319
196	39	134
598	19	49
1281	11	24
83	38	391
730	7	80
704	2	5
1430	32	49
39	37	648
1164	31	1059
29	76	643
1004	6	73
498	16	165
358	16	307
426	65	49
505	1	64
234	18	160
91	39	134
738	123	718
1229	0	215
638	140	148
304	19	49
851	7	92
398	102	1084
878	13	879
634	9	1020
660	165	58
10	46	394
1431	13	425
232	47	1149
1097	7	15
662	140	310
486	9	664
797	102	1083
1432	16	342
389	16	94
39	26	389
76	7	22
791	19	49
413	19	49
3	14	460
776	77	149
776	127	775
1107	8	17
768	8	17
181	12	787
36	66	1433
1434	2	1435
278	16	320
242	37	139
239	15	36
741	16	352
1436	8	17
1417	8	17
240	4	357
614	9	341
433	26	85
26	46	25
680	54	1437
1118	16	797
963	37	725
960	153	752
1024	8	17
84	19	49
992	19	49
441	9	155
718	46	738
49	137	751
149	84	1114
376	47	375
581	7	80
1438	64	284
75	8	17
596	8	17
597	166	1439
657	36	118
1045	36	118
410	16	206
8	62	1386
296	8	17
1298	2	5
41	16	40
1342	29	49
620	9	524
677	8	17
1021	107	92
792	106	1391
176	6	822
261	8	17
998	46	1400
494	16	130
466	15	36
1273	16	340
826	9	292
379	26	235
344	37	139
747	7	6
320	26	515
673	108	425
816	52	39
1033	37	121
148	41	1204
535	103	92
232	167	558
335	45	1016
139	6	1277
240	62	606
899	0	70
69	90	368
1440	77	149
925	16	45
432	47	42
133	7	396
882	1	64
370	1	3
14	7	22
176	6	333
178	104	930
757	97	105
1234	70	658
88	14	1049
173	6	960
304	39	134
1010	15	36
477	161	1441
89	65	49
343	19	49
541	21	540
362	1	3
303	9	429
1010	45	678
779	68	747
369	73	978
377	68	138
494	16	759
1145	8	17
274	7	80
91	7	178
600	7	92
29	76	1102
270	37	1074
29	76	751
191	87	928
3	14	717
293	128	147
1420	18	68
1037	68	784
62	23	565
12	17	588
1340	117	1071
408	1	3
919	8	17
240	76	1260
327	29	49
1325	37	173
751	8	17
564	112	49
840	8	17
734	94	166
851	7	6
155	7	80
1123	19	49
1442	1	3
859	22	774
4	8	17
1268	77	383
1144	15	36
833	1	3
523	8	17
109	131	872
253	37	301
519	1	3
1150	8	17
423	16	70
436	103	80
1416	12	715
265	16	131
29	4	1443
275	60	1029
972	5	1444
148	41	757
372	19	49
189	26	858
276	7	396
486	2	5
1276	2	5
340	16	649
1445	41	1446
1447	15	36
394	168	10
162	17	1420
869	2	158
730	7	92
1256	28	148
1168	20	1169
948	8	17
581	19	49
162	17	203
213	41	1306
793	8	17
756	15	36
1013	16	557
322	6	780
578	15	36
1247	106	659
335	9	401
1104	41	1255
399	1	3
654	8	17
243	1	3
388	37	338
719	19	49
1448	37	176
676	16	675
82	21	58
1195	0	490
235	9	294
787	37	162
216	81	369
687	37	173
1009	28	310
1449	8	17
442	83	496
434	45	167
406	14	274
361	46	362
500	82	661
1374	15	36
797	8	17
464	150	92
1399	1	3
15	104	92
56	104	15
380	9	1126
3	14	2
844	2	1435
313	9	1068
1198	29	49
1429	16	1390
185	8	17
824	2	5
472	15	36
3	14	266
333	1	3
1411	55	617
15	104	56
2	19	49
626	46	370
252	9	226
1344	112	895
851	7	148
1118	15	36
48	0	417
199	41	1450
8	4	228
171	32	49
317	168	10
1242	7	15
165	26	498
1451	100	115
1452	34	1453
3	14	693
1454	7	298
173	12	244
771	37	136
505	47	142
1234	70	868
364	26	976
404	54	1455
453	50	191
988	82	265
3	14	407
131	9	333
173	6	2
46	19	54
609	72	367
1164	31	781
164	26	180
1456	8	17
3	14	609
535	19	49
1196	15	36
676	16	102
173	6	435
686	103	15
1044	24	64
215	121	695
758	46	605
1442	7	47
16	45	167
383	41	1457
1068	1	927
265	16	494
1035	15	36
786	15	36
278	8	17
86	21	541
674	15	36
1004	6	1049
351	34	290
998	9	1400
1266	155	412
1374	9	556
12	6	266
66	32	49
8	4	1265
874	15	36
1132	19	49
452	47	142
802	29	49
128	45	167
249	8	17
941	16	132
90	41	1109
922	16	327
1084	28	92
206	8	17
73	103	92
871	35	1161
1063	16	799
644	28	148
380	29	49
40	8	17
308	15	36
206	2	318
29	4	177
1386	16	758
1458	112	1244
1029	1	613
1346	28	310
1459	115	1232
1460	37	162
1186	49	257
724	8	17
839	8	17
500	82	68
83	94	1160
1258	15	36
71	16	423
1218	106	459
1128	32	49
377	37	173
827	16	45
84	7	92
1018	8	17
780	19	49
29	76	853
136	12	507
701	15	36
1454	7	15
645	22	1461
12	6	1236
3	14	892
173	6	1218
664	56	486
1414	19	49
1462	161	705
903	21	57
16	9	1454
369	21	58
1012	54	90
1463	34	307
684	8	17
369	21	57
1142	1	402
235	26	379
1107	37	475
438	81	57
418	17	234
397	37	176
1225	2	5
1423	29	49
162	17	513
683	120	1464
580	15	36
566	10	552
155	7	178
312	26	320
394	7	685
799	16	1063
572	73	302
410	2	5
1103	39	134
1465	50	191
36	66	1466
1432	15	36
368	2	454
581	103	80
347	2	158
57	21	461
212	47	42
244	46	243
979	8	17
663	7	298
3	14	436
81	21	58
148	84	881
55	126	48
477	5	1441
36	66	617
1170	46	332
588	18	1467
235	8	17
1240	26	482
162	142	24
1468	28	22
857	71	123
1469	30	383
340	16	1360
1042	128	224
186	7	15
1107	45	167
310	14	143
585	26	584
1449	15	36
143	19	49
1236	39	134
930	169	224
724	128	1427
1305	28	148
90	41	688
316	16	484
994	141	1338
1470	8	17
897	30	543
36	66	942
29	4	593
1342	26	1258
121	12	1101
600	7	80
826	15	36
275	60	256
3	14	274
1179	15	36
1448	28	92
441	2	5
967	37	173
8	4	692
597	170	6
139	6	123
755	2	5
341	49	1037
1015	45	1016
1242	49	687
183	15	36
92	41	1341
1464	8	17
1471	171	224
1442	7	80
1098	2	5
163	16	188
489	8	17
531	19	49
1365	131	667
505	19	49
223	115	1232
1256	15	36
88	14	25
1326	30	90
39	152	1160
407	1	3
498	26	741
153	84	90
932	9	292
294	0	131
406	14	612
302	16	340
1146	15	36
174	10	1251
245	24	927
1066	9	463
797	16	1172
788	8	17
1194	29	49
324	2	5
1005	15	36
394	0	10
1472	120	615
345	16	817
1097	7	22
779	46	747
8	4	1473
783	23	782
515	26	312
240	4	1463
165	16	166
1040	26	313
69	41	1292
1325	15	36
1027	15	36
229	58	49
122	106	659
1280	121	695
973	19	49
1474	79	415
1118	26	1172
49	88	484
1149	6	960
1475	55	224
408	103	92
18	112	895
728	9	798
1192	84	865
162	17	1231
471	8	17
463	39	134
552	89	92
6	97	104
647	130	415
246	162	245
1476	8	17
776	77	383
878	8	17
423	16	265
1348	15	36
236	31	441
240	4	18
604	2	5
1352	47	173
1477	15	36
1344	130	415
1244	172	640
43	18	308
224	97	104
461	95	81
136	12	59
837	8	17
340	2	95
1478	28	148
76	103	92
408	7	148
269	54	625
302	16	802
1096	2	1479
71	26	423
1281	18	687
741	16	70
326	9	1023
502	38	559
321	16	312
1084	8	17
55	20	930
855	82	502
238	9	485
253	9	175
794	77	153
837	108	562
67	46	767
77	8	17
1480	8	17
1481	19	49
980	124	1145
1482	15	36
29	4	330
12	6	1481
114	46	250
97	31	169
853	137	751
511	106	705
636	45	678
275	65	49
90	41	801
431	8	17
173	6	65
771	9	980
932	9	833
1170	15	36
800	49	779
1483	2	5
1277	39	639
1417	54	90
756	29	49
4	15	36
219	22	1072
563	38	130
624	7	15
165	9	91
51	8	17
865	84	311
724	15	36
943	18	246
8	62	1337
36	66	1359
1484	41	1113
145	58	49
1339	2	5
1390	16	1429
807	37	451
39	37	446
427	16	709
236	31	445
1465	8	17
28	29	950
1150	29	49
265	9	304
275	60	992
52	39	134
1485	8	17
555	16	554
874	8	17
906	65	49
1486	31	946
142	6	429
45	9	1387
29	4	748
1195	49	490
369	73	690
343	106	275
72	16	278
1193	28	148
421	72	367
33	14	1014
1001	12	1150
3	14	556
173	12	687
1487	100	1488
850	15	36
421	7	80
174	10	178
275	166	705
1	9	1293
3	14	277
1091	8	17
383	41	1489
914	108	520
706	39	134
1442	7	6
3	14	243
967	8	17
237	8	17
1160	152	39
100	24	3
132	2	5
6	97	105
742	8	17
664	39	134
1032	54	208
1490	46	1218
195	9	856
84	39	134
438	15	36
92	14	73
3	14	1068
855	135	950
235	15	36
489	91	488
1454	39	134
8	76	1102
75	37	139
113	162	250
369	101	1491
39	16	389
406	14	421
705	60	511
8	4	1492
1493	41	330
1257	2	158
955	2	454
1494	2	640
10	2	5
799	16	675
1180	15	36
550	87	572
29	4	764
571	111	92
163	81	57
855	82	672
201	94	758
1236	1	402
234	18	165
1495	37	451
224	132	880
1434	54	90
92	41	1496
565	59	329
1033	26	160
1497	28	148
1442	49	489
142	6	1207
612	7	22
1359	99	1498
1499	82	1436
10	68	394
661	16	1155
473	86	469
1472	120	1134
713	8	17
140	19	49
269	8	17
1500	103	80
1023	19	49
738	47	139
1032	29	49
25	19	49
115	100	1501
376	1	3
3	14	492
900	39	134
114	26	113
36	66	1502
212	43	549
621	75	1503
392	98	241
403	103	92
14	7	178
1490	164	1218
148	138	49
1426	37	162
996	9	343
1397	108	1173
1258	54	291
276	7	310
92	104	1169
146	39	134
431	2	454
1207	1	3
1376	41	699
1217	19	49
390	38	649
77	16	728
257	26	844
257	15	36
840	68	65
785	37	139
675	162	250
1207	39	134
1054	37	957
466	29	49
310	14	730
164	16	252
8	4	593
605	7	92
410	45	1016
275	60	186
131	16	423
1341	150	92
1082	1	927
36	66	1262
391	2	318
466	8	17
1465	54	1504
1303	9	519
159	47	121
519	7	15
202	52	201
821	128	348
242	143	119
313	15	36
1262	97	105
940	7	92
693	32	49
1240	9	407
90	41	868
148	41	147
127	19	49
270	26	187
1149	6	138
1505	24	3
1423	8	17
70	26	251
776	127	1131
453	173	652
36	66	924
459	60	530
1112	2	1479
1160	94	39
128	2	754
1506	8	17
1507	8	17
402	14	232
316	38	128
128	38	316
29	4	1220
524	1	3
658	112	895
727	149	1143
899	1	3
1508	15	36
45	26	607
892	1	64
1172	26	797
207	15	36
920	144	1048
169	8	17
1465	2	454
565	80	62
239	16	1480
8	76	49
1065	92	347
1509	8	17
1498	41	1359
424	8	17
462	15	36
517	46	598
1477	8	17
1277	56	156
36	66	298
645	22	220
81	87	572
1047	45	678
315	71	271
1009	2	5
36	66	1510
341	39	134
190	25	69
1310	8	17
429	39	134
1001	17	1329
1121	9	870
119	143	793
160	26	364
683	120	869
297	7	22
312	16	313
69	90	636
771	46	100
68	15	36
732	39	134
530	1	88
1442	7	15
91	7	6
103	2	5
1511	43	251
1273	2	454
191	101	1165
1372	112	895
377	8	17
612	7	15
29	4	1085
704	15	36
19	9	186
397	54	617
650	84	248
802	37	287
683	120	342
1147	110	153
164	8	17
773	155	1267
1512	8	17
1063	45	167
1513	102	931
1019	110	90
588	18	553
588	18	381
615	8	17
620	15	36
262	30	90
748	112	751
1146	8	17
344	37	843
1514	11	24
493	16	131
132	16	941
1443	112	751
784	39	134
308	8	17
1383	2	5
609	19	49
67	37	139
709	16	427
88	14	1301
777	19	49
91	7	47
242	15	36
378	56	235
1005	37	173
1467	37	121
442	83	1279
598	174	1308
949	15	36
1166	45	167
1409	15	36
63	59	329
923	15	36
252	26	165
422	8	17
1336	15	36
1187	1	3
1432	26	342
1037	91	245
127	1	1099
232	1	402
480	84	591
1203	16	131
1297	162	250
759	16	265
1218	1	88
281	102	697
657	35	110
421	7	298
1112	8	17
131	16	130
717	43	716
174	10	15
133	7	6
1133	45	678
785	9	1293
544	30	543
1208	15	36
81	21	57
679	128	1185
552	84	551
260	1	64
182	37	176
281	8	17
163	26	188
193	9	192
8	4	1515
380	94	381
1516	40	310
545	8	17
1517	31	1363
759	16	494
951	7	22
240	4	1518
987	7	685
683	120	596
1454	7	178
592	15	36
822	19	49
377	38	1374
1217	7	22
211	2	5
578	121	695
1398	9	1399
139	12	615
322	6	73
1519	8	17
308	16	307
215	46	1229
290	8	17
1425	84	1424
176	6	266
222	37	820
1155	37	136
913	15	36
8	4	1520
1451	100	1488
282	57	90
88	14	732
836	7	92
241	112	895
732	47	12
611	28	92
6	132	880
8	4	647
186	7	80
201	9	485
10	16	11
234	18	252
683	120	75
1397	13	1173
1031	16	68
186	1	1099
361	45	1016
244	15	36
1017	19	49
335	46	401
1521	20	1436
484	26	316
467	45	167
1522	131	667
568	21	474
493	16	759
515	26	320
1217	7	148
153	41	1147
822	1	402
240	4	921
1349	15	36
1523	58	49
892	19	49
828	31	182
677	28	148
1524	31	1130
840	2	5
693	47	805
636	94	202
165	16	741
274	19	49
715	2	640
309	157	161
1377	31	487
995	119	682
940	7	22
747	7	80
1525	64	284
424	108	1332
1454	7	92
907	1	3
1149	6	456
1526	15	36
1221	15	36
836	96	1527
3	14	370
1468	8	17
1	128	790
90	93	542
1528	46	823
1250	29	49
109	59	1234
278	16	299
922	8	17
951	7	15
1529	31	397
380	38	803
162	17	1329
39	38	816
946	45	167
310	41	1530
1531	100	985
1532	15	36
1533	9	485
716	54	1534
667	175	170
447	108	1535
530	148	1536
36	66	1537
1285	41	1538
36	66	1539
8	4	1540
1541	41	1510
1542	122	1202
1543	32	49
1544	57	1545
1546	31	210
955	173	1547
240	4	1548
1549	31	1261
1550	23	1551
1552	115	1232
1553	34	959
1554	19	49
240	4	1555
1556	31	410
1557	77	1541
1558	84	887
1559	131	667
1560	64	284
1561	112	895
332	176	1189
1562	92	462
1563	64	284
1564	92	190
90	41	1565
666	177	1566
1567	15	36
36	66	1568
882	1	1569
29	4	1570
90	41	1571
1572	115	656
352	128	1573
419	161	1574
1575	103	310
1576	8	17
1577	166	1275
1144	128	1578
1579	32	49
1096	178	794
621	75	1580
1581	31	1011
1582	138	49
1583	126	1253
240	76	1584
1585	179	1550
1586	32	49
1224	107	1587
1588	92	781
1589	24	862
1590	171	1591
1592	31	1165
859	22	1593
