0	0	1
2	1	3
4	2	5
6	3	7
8	4	9
10	1	11
12	5	13
14	6	15
16	1	17
18	1	19
20	7	21
22	8	23
24	9	25
26	1	11
27	1	19
28	10	29
30	6	31
32	11	33
34	1	11
35	12	36
37	13	38
39	14	40
41	1	11
40	1	42
43	1	44
45	10	46
47	15	48
49	16	50
51	11	52
33	9	53
54	17	55
39	17	56
57	1	3
33	17	58
59	1	19
60	1	19
61	16	62
63	13	51
64	18	65
66	1	67
68	3	69
70	4	8
24	9	71
24	9	72
73	9	74
75	7	76
77	11	39
78	1	19
79	10	80
81	1	17
82	7	83
84	1	85
86	1	87
88	8	89
90	1	67
24	19	91
79	10	92
93	11	94
95	20	96
97	1	85
79	10	40
98	11	99
100	1	101
102	10	74
79	10	103
104	4	105
35	12	38
106	13	107
33	17	108
109	13	51
110	19	111
112	1	113
114	3	7
115	4	8
79	10	116
24	9	117
118	17	119
120	10	121
22	21	122
51	11	123
124	1	125
126	13	127
128	1	11
129	11	79
130	9	65
131	1	67
8	4	132
79	10	133
134	18	135
135	1	19
136	1	17
137	3	7
138	22	139
140	5	22
141	11	127
142	23	143
143	17	144
79	10	145
24	19	146
147	17	98
148	4	8
125	13	79
35	12	149
150	1	113
51	11	151
24	9	152
153	17	154
155	1	44
156	1	17
157	7	158
159	5	160
161	11	153
79	10	162
163	1	19
24	19	164
69	4	150
100	1	17
45	11	165
166	24	167
168	1	11
169	4	170
171	3	24
172	1	173
76	7	119
174	3	24
175	1	19
24	19	176
177	17	178
179	13	33
180	3	7
51	11	181
65	1	19
29	17	182
183	17	51
79	10	184
51	17	185
186	3	7
187	1	87
98	11	188
79	10	189
190	3	191
136	19	192
193	2	194
195	25	196
197	17	39
198	23	143
37	26	199
24	9	69
200	1	125
201	1	67
68	22	202
100	1	203
124	23	204
205	27	206
207	28	208
209	7	210
51	11	211
212	2	213
214	1	113
215	1	19
216	13	217
207	29	218
135	1	219
220	14	40
8	4	221
39	13	79
24	9	159
222	8	223
24	9	224
177	17	225
226	1	87
227	1	228
33	19	22
198	1	42
229	13	230
79	10	43
231	1	19
24	9	105
232	30	233
234	1	125
235	1	113
236	1	67
8	4	237
79	10	238
239	1	19
240	31	241
242	1	85
243	11	79
244	1	19
24	9	245
207	29	246
172	1	85
247	7	248
249	24	205
119	14	40
112	6	15
169	10	118
24	9	250
98	11	251
252	3	24
253	1	11
254	4	8
255	1	11
256	1	17
228	13	79
51	17	257
60	1	17
33	17	258
259	1	67
260	1	17
261	6	15
149	6	15
8	4	262
263	1	11
27	3	264
265	1	42
266	18	267
68	3	268
24	19	269
270	6	15
24	9	271
51	11	272
122	32	165
273	33	274
122	32	22
183	34	275
51	11	276
277	11	79
33	17	278
64	1	279
8	4	280
24	9	281
282	1	85
283	35	65
284	7	177
285	10	204
286	4	8
127	17	287
124	2	288
289	6	15
9	3	290
291	9	74
292	17	33
33	17	293
222	8	207
170	1	17
294	1	3
120	10	81
295	1	17
296	10	33
8	4	297
298	11	33
227	1	113
299	13	127
79	17	300
301	8	35
302	1	303
93	17	151
304	9	205
305	1	11
209	36	306
79	10	307
308	13	51
200	1	67
79	10	25
153	9	204
309	1	11
310	3	7
311	10	312
237	3	7
24	9	313
314	3	7
315	7	316
79	10	317
318	11	235
8	4	204
319	1	113
320	7	29
321	1	125
24	9	322
323	10	324
79	11	325
18	1	113
280	3	195
209	1	300
24	9	27
79	10	326
327	3	7
39	17	328
65	4	169
104	1	303
329	3	290
51	11	147
263	17	51
24	9	179
79	17	330
331	17	144
43	11	332
111	19	333
219	13	29
209	1	334
335	1	113
336	17	33
128	1	85
295	1	19
51	17	337
338	13	339
340	17	51
341	13	79
342	16	343
344	8	207
345	1	11
24	9	346
143	3	7
347	17	51
55	17	209
143	22	348
268	13	51
349	4	204
350	10	33
207	29	351
33	1	19
33	14	40
98	11	352
353	7	354
207	29	355
353	29	356
100	1	44
215	10	357
110	37	328
20	7	358
359	30	64
38	19	360
25	1	125
33	17	361
33	17	362
24	9	169
363	1	113
98	11	364
79	11	365
265	1	366
367	11	368
144	35	65
369	3	370
371	14	40
372	13	51
345	1	87
167	35	65
199	6	373
374	3	7
375	7	376
199	1	17
377	8	207
24	9	378
379	11	380
18	6	381
188	10	382
79	10	383
339	35	204
8	4	384
33	17	385
222	33	386
387	38	30
79	10	188
388	8	207
389	39	64
390	13	51
302	1	391
24	9	392
393	6	394
79	17	65
8	4	395
396	40	397
151	1	42
177	17	398
399	1	44
21	1	303
400	11	127
401	1	85
79	17	30
402	1	17
98	11	403
281	1	404
51	17	405
406	7	39
407	1	3
408	1	409
410	11	195
79	10	81
411	17	98
67	13	177
412	1	67
169	4	204
244	4	8
413	13	144
414	1	415
416	13	51
281	36	417
418	1	17
212	2	419
407	1	87
420	17	165
267	1	125
205	1	85
30	13	421
169	22	348
24	9	422
423	1	404
424	14	40
425	4	8
426	3	24
188	1	19
220	17	427
235	1	303
196	19	428
429	11	33
430	11	165
8	4	431
208	21	120
432	17	433
434	1	67
79	10	7
8	4	435
143	4	8
436	29	437
24	9	438
34	1	87
439	3	24
440	16	441
442	1	19
18	1	42
360	17	48
443	1	17
444	11	235
24	19	445
74	1	19
442	1	113
64	1	42
446	1	447
304	17	448
8	4	449
450	11	451
51	11	64
207	29	49
452	1	17
209	27	344
453	22	348
90	1	44
439	3	7
280	4	454
455	1	87
98	11	456
51	17	457
33	17	458
459	1	85
460	1	85
21	1	461
143	4	462
428	9	65
435	3	269
463	36	464
465	1	19
227	8	466
12	11	33
27	3	467
468	30	79
6	1	469
470	13	20
97	1	87
120	10	471
472	1	42
44	13	79
8	3	7
224	3	473
123	1	17
422	1	113
474	1	87
24	9	128
24	9	118
281	1	469
133	3	7
8	4	439
52	1	11
425	20	475
476	14	40
24	9	252
477	1	11
24	9	478
65	4	8
79	10	426
479	16	62
35	12	220
79	10	480
209	1	481
482	1	87
56	7	119
450	1	125
24	9	483
446	1	484
485	13	51
17	13	79
56	13	119
140	11	153
258	7	33
486	13	33
79	10	487
79	10	488
33	17	489
175	1	67
490	8	207
491	1	366
450	11	492
51	17	493
494	17	98
30	32	495
24	9	496
8	4	497
40	33	498
499	13	79
207	41	500
36	10	205
501	8	207
127	14	40
502	6	503
24	9	504
120	10	505
24	9	506
51	11	507
441	41	500
8	4	508
509	13	98
33	17	510
100	1	511
24	9	512
79	10	513
414	13	514
363	13	21
51	17	515
516	1	19
24	19	517
518	3	290
519	10	520
521	13	33
522	17	110
477	1	67
523	13	524
525	1	67
90	1	11
526	11	127
527	1	42
61	1	521
24	9	528
529	2	530
16	1	44
273	30	444
323	10	382
413	10	144
51	11	323
120	10	531
74	1	17
532	17	51
285	10	205
533	1	87
151	1	67
21	1	11
301	1	42
79	10	534
302	1	67
98	11	535
37	26	536
20	7	537
21	1	113
287	13	127
79	10	538
539	11	22
301	1	113
24	9	540
377	1	469
541	17	33
79	10	542
543	6	544
444	1	19
545	8	207
546	17	51
547	1	87
79	10	548
122	32	177
549	1	11
25	1	303
24	9	550
551	15	54
205	34	183
227	1	521
281	1	17
84	1	87
24	9	552
553	4	8
554	1	85
4	23	204
421	10	7
98	11	555
2	1	556
43	1	521
98	11	557
558	1	19
409	13	33
281	1	42
559	28	169
205	1	44
560	13	79
561	10	65
79	10	562
563	13	177
564	1	85
207	42	565
566	10	7
79	10	567
54	1	87
8	4	69
568	6	569
79	10	570
571	10	65
79	10	572
573	36	464
8	4	574
209	36	575
576	1	67
577	17	51
90	1	85
81	11	22
578	5	579
39	17	580
227	6	15
581	13	51
10	4	8
204	4	224
98	11	582
583	1	11
439	4	8
24	9	584
585	43	586
281	1	67
549	1	17
79	10	587
209	1	588
21	1	19
589	3	195
98	11	590
591	17	51
592	11	33
200	1	19
24	9	593
425	1	11
51	17	594
177	17	342
79	10	595
65	13	79
51	11	596
597	1	113
51	11	598
283	8	599
600	10	368
64	24	135
601	1	19
602	11	603
604	15	127
605	1	606
209	1	521
314	3	607
24	9	608
22	20	23
208	21	609
610	1	87
561	14	40
611	11	33
175	3	191
25	1	3
612	11	368
613	7	65
614	5	111
449	1	87
20	7	177
615	29	571
616	14	40
617	1	19
618	11	144
434	1	125
619	1	44
620	29	603
141	11	33
93	11	195
254	21	206
8	4	138
414	1	67
414	44	447
8	4	621
580	10	39
622	13	51
423	1	19
623	4	8
198	1	87
624	11	127
625	35	452
2	7	185
33	17	626
627	1	85
30	1	415
54	1	461
41	1	19
255	1	521
628	3	629
79	10	630
79	10	631
204	4	71
270	1	67
305	1	19
306	13	118
51	17	632
414	2	124
607	4	633
634	1	42
79	10	635
294	1	85
79	10	29
636	17	51
637	1	17
638	13	165
114	1	3
192	35	65
51	11	59
613	9	65
639	21	124
640	13	107
641	3	24
406	1	67
79	17	642
643	11	79
637	1	42
20	13	66
539	6	644
98	11	645
69	4	633
100	1	113
646	8	207
647	14	40
648	13	51
235	1	67
270	1	87
465	3	7
98	11	649
212	2	650
651	44	652
297	1	404
144	17	413
379	7	29
29	17	320
24	9	653
654	17	51
127	20	655
656	10	33
657	13	450
658	10	177
20	7	659
660	3	24
27	1	125
20	7	661
662	13	220
224	10	663
24	9	357
79	10	664
24	9	665
407	1	125
338	11	119
220	17	666
211	1	19
423	1	11
60	1	42
120	10	332
474	1	521
141	13	127
184	13	51
661	1	87
301	1	667
79	10	668
619	1	113
454	4	132
79	10	273
439	1	85
374	1	17
669	22	670
470	1	17
671	1	87
450	14	263
128	1	17
172	3	7
672	3	24
79	10	673
24	9	674
79	10	342
156	1	675
493	17	51
561	17	676
171	3	69
229	13	677
120	10	177
455	1	19
348	1	11
207	29	529
678	13	20
97	13	51
679	13	220
680	0	605
681	1	42
125	13	603
682	27	54
683	24	177
79	10	470
33	17	93
434	3	684
120	10	492
685	13	339
24	9	686
687	13	20
688	4	8
689	3	7
690	4	204
5	8	207
16	1	303
65	3	321
21	25	691
64	11	36
145	17	98
131	1	17
692	13	33
79	10	693
694	22	348
357	13	51
695	1	42
696	9	204
697	13	437
698	4	8
120	10	699
26	1	409
700	1	11
240	1	42
414	1	125
115	3	24
701	30	290
64	14	671
702	1	11
703	1	11
476	17	377
33	17	704
144	21	122
482	1	521
20	7	151
207	29	705
24	9	359
706	13	79
20	7	64
707	30	79
708	1	67
709	13	153
589	4	8
249	24	261
710	13	711
79	10	712
275	1	17
120	10	713
51	17	714
715	16	646
716	13	51
186	3	653
526	7	127
717	13	51
718	13	127
8	4	719
120	10	720
8	4	721
406	11	39
207	29	722
24	9	121
495	30	188
8	4	349
443	4	454
723	33	274
79	10	724
172	25	196
24	9	369
696	35	143
24	9	725
254	1	11
79	10	726
536	18	452
79	10	727
169	45	7
67	13	33
124	8	728
547	1	113
729	13	51
24	9	467
730	10	205
425	1	19
98	11	731
732	9	65
722	1	87
16	1	113
690	4	8
523	7	524
171	4	8
144	19	167
236	3	268
733	36	464
150	22	734
220	19	333
735	17	136
736	35	452
98	11	737
738	10	558
79	10	739
740	3	7
33	17	741
51	11	742
743	13	165
627	34	183
79	17	6
551	28	561
744	3	745
746	18	744
30	14	40
8	3	24
610	0	634
29	17	747
748	11	216
414	1	113
399	1	42
749	1	113
227	1	87
507	14	40
51	11	451
215	13	110
472	4	8
750	1	19
751	3	752
441	27	359
753	13	119
79	10	754
755	19	756
757	7	368
169	4	69
24	9	634
516	13	20
421	1	125
249	24	143
758	10	24
759	11	760
761	19	380
275	17	762
24	9	763
764	4	8
24	19	730
765	5	39
209	1	766
767	13	127
179	1	768
423	1	113
51	17	591
360	17	769
51	17	770
215	1	521
771	13	79
177	10	65
60	1	85
281	1	606
281	36	772
773	1	11
24	9	774
775	13	452
776	1	87
79	10	777
776	3	24
2	1	44
8	4	329
79	10	778
24	9	779
780	1	11
224	1	85
170	1	11
781	1	11
782	13	33
357	1	17
98	11	783
88	3	24
79	10	784
785	22	786
133	1	85
151	1	409
59	17	98
666	13	220
787	10	452
450	11	788
789	17	790
79	10	571
57	1	87
8	4	791
792	10	127
198	1	67
479	46	54
79	17	112
793	11	76
794	3	795
796	4	454
207	29	797
24	9	84
798	1	19
709	6	15
172	1	113
207	29	799
79	10	671
24	9	800
801	5	33
64	1	19
66	13	51
261	14	40
452	1	44
317	13	51
802	13	549
803	4	8
306	1	804
805	11	79
806	1	17
807	4	8
64	17	808
809	1	19
371	18	21
805	13	51
810	1	85
157	21	281
533	45	124
8	4	811
79	10	812
813	32	814
491	1	19
45	13	83
172	1	87
815	8	207
816	13	64
817	11	39
396	13	127
100	33	818
24	9	819
463	1	19
820	13	51
79	17	821
822	13	51
79	10	823
204	4	169
33	17	824
728	47	6
8	4	825
458	1	19
8	4	826
266	6	827
24	19	828
74	1	113
232	30	79
33	17	782
205	1	228
414	34	124
519	6	15
135	1	3
212	2	124
79	10	829
175	1	87
30	13	79
785	10	7
200	1	17
635	1	87
634	1	19
134	1	85
27	1	3
207	29	57
830	11	33
821	8	207
68	3	7
64	32	831
24	9	832
603	35	65
833	13	51
51	11	834
64	1	125
835	13	51
592	13	39
836	8	207
124	31	241
561	6	373
169	4	327
837	8	207
3	13	79
35	12	229
79	10	582
242	1	11
619	4	8
24	9	838
209	1	17
839	17	177
79	10	840
207	29	841
281	36	842
60	3	843
299	6	373
79	10	844
51	11	145
24	9	576
845	3	7
24	9	846
207	28	847
282	13	51
773	1	17
27	1	113
848	1	17
849	13	79
850	3	7
51	17	851
6	1	606
446	1	87
361	11	33
79	10	852
51	17	853
20	7	147
854	13	79
855	13	64
844	13	368
844	6	15
51	13	856
408	1	857
33	17	858
294	1	11
155	1	11
859	34	183
860	1	85
301	1	521
380	8	861
79	10	663
79	10	862
76	10	65
35	12	39
750	1	303
120	10	788
863	13	119
455	10	864
628	3	321
637	1	125
271	1	42
43	1	3
865	6	866
54	1	521
428	10	205
218	13	20
98	11	335
867	7	868
869	17	51
120	10	870
143	4	169
113	13	33
297	1	19
207	29	871
24	9	425
872	11	873
874	7	65
875	48	876
877	24	8
878	17	51
879	13	51
20	7	707
34	1	67
79	10	880
310	3	268
297	3	496
399	1	87
881	1	3
127	19	732
882	4	825
131	1	11
883	1	125
884	34	183
597	1	11
64	1	67
79	10	885
209	1	42
874	9	143
694	3	24
721	3	24
24	9	886
452	3	467
1	13	79
533	1	125
887	11	424
888	13	889
680	18	605
51	11	890
98	11	891
24	9	165
892	1	42
65	1	11
893	1	521
229	14	40
894	3	24
100	33	895
24	9	896
207	29	897
883	32	814
898	18	156
899	9	74
900	10	368
130	9	204
192	19	874
901	32	814
110	17	522
24	19	902
24	9	156
459	1	19
903	15	177
120	10	725
904	6	373
905	11	39
636	1	17
906	3	7
24	9	907
24	9	908
605	1	17
549	1	19
529	2	909
56	11	579
910	5	365
682	7	316
133	1	17
911	17	29
24	9	912
79	10	215
87	17	51
399	14	40
785	3	24
199	13	79
422	4	8
40	49	633
33	17	913
8	4	914
100	1	915
240	31	916
917	1	113
918	3	663
64	17	360
131	1	125
51	17	919
920	30	110
281	1	675
921	3	7
844	1	87
127	8	922
430	7	165
574	1	11
33	17	923
209	31	924
33	17	925
926	1	11
112	17	927
462	4	8
61	1	447
199	13	64
469	13	79
24	9	928
301	1	67
133	1	87
929	3	24
887	6	373
24	9	660
831	30	188
79	10	930
179	13	931
79	10	344
8	4	796
24	9	142
79	10	833
76	8	932
423	1	67
281	36	933
934	17	33
935	3	7
422	22	936
582	1	11
79	10	937
24	9	651
100	1	87
169	3	7
183	34	893
165	7	65
938	13	51
357	1	330
453	3	7
151	7	868
79	10	939
257	17	51
240	1	303
301	13	51
79	10	387
143	4	940
24	9	449
260	1	11
163	1	11
854	13	732
65	1	521
119	37	539
941	1	125
942	35	452
943	11	33
424	19	33
319	3	7
207	29	193
944	1	17
26	1	279
794	3	7
36	17	945
676	17	561
26	1	17
159	18	236
678	49	172
579	19	39
177	20	946
395	4	8
549	3	80
35	12	761
79	10	947
6	1	948
601	17	51
929	1	42
949	19	33
20	7	29
79	10	181
439	1	67
240	8	207
950	3	7
227	10	204
450	11	657
951	3	24
24	9	418
590	1	85
88	1	17
952	8	207
893	1	19
590	1	44
953	50	500
400	13	127
954	9	74
79	10	955
533	34	956
460	1	67
612	11	119
24	9	39
24	9	957
482	1	85
317	1	85
36	1	85
327	3	80
79	10	958
297	1	948
633	3	268
959	7	960
961	10	437
339	17	166
172	4	143
225	7	177
962	3	7
124	1	85
369	3	24
963	14	40
964	13	51
965	3	74
1	1	113
33	17	966
377	13	633
896	1	521
24	19	967
533	1	17
79	10	968
969	1	42
846	17	144
24	19	970
51	17	971
460	13	51
972	7	64
973	16	646
56	7	579
79	10	974
98	11	975
30	1	976
124	17	977
441	51	500
978	5	33
979	1	19
52	1	125
817	5	144
122	32	411
980	13	51
199	13	981
982	3	7
33	17	12
983	16	984
153	17	985
33	17	986
79	10	1
79	10	328
209	1	987
199	6	15
100	33	988
989	28	21
990	17	51
234	1	17
205	1	991
803	3	653
64	17	992
701	30	195
79	10	993
994	11	48
64	32	875
24	9	637
24	9	406
79	10	995
24	9	996
294	18	549
34	23	143
207	29	463
211	1	87
912	10	7
997	1	11
24	9	342
24	9	88
998	1	11
304	19	874
999	13	107
79	10	1000
86	1	42
24	9	1001
79	10	316
796	1	11
98	11	94
637	0	478
847	23	204
120	10	1002
376	36	1003
170	4	133
774	1	219
353	15	437
425	22	1004
64	11	1005
54	1	11
669	3	191
119	17	1006
477	1	19
1007	10	74
127	9	204
79	13	1008
54	1	447
1009	7	780
2	3	7
710	11	332
588	13	98
1010	1	85
354	1	1011
676	11	561
24	9	135
758	11	64
64	1	521
207	28	1012
24	9	112
1013	11	144
305	1	17
450	11	444
414	1	404
917	1	125
79	10	1014
760	10	492
1015	52	199
1016	14	40
51	11	1017
6	1	67
1018	13	79
33	17	1019
1020	2	941
610	1	85
996	1	67
56	13	579
1021	28	508
1022	13	51
20	7	323
408	1	67
376	36	1023
6	1	87
1024	17	33
589	3	7
79	10	641
450	11	410
117	1	19
79	10	1002
439	17	239
48	13	994
8	4	520
172	20	475
51	11	1025
79	10	1026
207	28	1027
98	11	758
24	19	165
24	9	212
1028	10	1005
165	17	743
51	17	423
1029	1	19
554	1	125
617	1	42
117	17	1030
6	13	79
131	1	521
24	19	1031
451	11	195
165	17	1032
281	1	415
2	3	921
64	14	100
746	1	85
390	17	316
327	3	268
421	1	85
234	1	87
239	18	439
22	19	33
1033	3	7
150	4	69
1034	1	17
26	8	207
235	34	183
1035	1	67
24	10	94
251	7	960
16	1	219
825	10	7
336	18	426
24	9	979
24	9	327
883	1	44
1036	7	376
29	17	757
177	8	1037
739	13	51
120	10	357
533	1	19
161	13	153
20	30	1038
796	34	1039
79	10	1040
313	3	7
666	10	359
100	1	19
874	13	79
51	17	318
590	10	110
623	3	290
33	17	1041
1042	53	775
43	1	42
24	9	150
51	17	917
112	10	1043
51	11	833
439	3	684
93	11	27
51	17	1044
128	1	19
1045	1	521
98	11	444
51	17	1046
1047	22	348
749	1	11
79	10	268
79	10	1048
376	36	1049
1050	3	195
462	3	24
1051	3	7
79	10	1052
1053	32	585
113	13	177
240	31	309
112	1	1054
208	1	125
24	9	794
433	13	432
209	1	341
1005	10	205
64	14	1055
270	1	113
810	1	87
207	29	1056
399	1	219
1057	9	74
24	9	460
351	8	207
235	1	19
79	10	1058
100	17	98
79	10	1059
874	19	130
34	8	207
190	20	1060
1061	1	11
982	27	206
753	11	119
359	8	207
196	35	65
8	4	803
90	1	3
1062	17	33
437	17	82
407	13	20
116	13	51
98	11	297
214	11	119
1022	1	11
12	17	33
64	7	947
914	4	8
603	20	620
65	3	7
568	18	190
253	1	85
56	5	696
794	4	8
57	8	207
776	3	195
21	1	85
79	10	1063
377	18	633
51	17	1064
79	10	16
33	17	1065
482	1	67
520	3	24
79	10	1066
401	1	11
1067	9	74
8	4	1047
636	1	113
1068	1	17
124	21	490
414	45	750
120	10	645
1069	17	51
1070	11	33
61	8	207
120	10	260
2	1	1071
8	4	1072
131	34	124
761	35	204
51	11	1073
40	33	1074
51	17	1075
551	15	193
379	1	19
124	7	368
1076	9	74
454	4	443
24	9	1077
619	34	183
24	9	543
51	17	41
27	8	1078
364	1	11
227	10	205
775	7	452
51	11	1079
24	19	33
1080	17	98
97	1	19
452	1	391
209	1	1081
207	54	312
317	1	42
35	12	732
79	17	360
1082	29	6
817	11	696
570	1	521
79	10	212
281	36	256
79	10	1083
136	9	65
451	1	19
1084	1	42
881	1	42
306	1	17
733	8	207
368	9	53
428	37	1085
406	10	1086
1053	32	1087
965	1	85
1088	44	652
1089	3	24
120	10	74
582	1	113
51	17	1090
819	3	80
875	21	1087
342	6	15
68	3	460
465	4	204
368	19	13
1091	1	42
120	10	754
1092	27	124
79	10	1093
520	3	7
120	10	2
1094	17	51
120	10	960
78	1	521
51	17	659
24	19	1095
2	1	17
110	35	65
24	9	297
573	1	42
327	1	11
281	1	11
244	3	7
120	10	39
282	32	1096
1097	1	11
124	1	19
8	4	1098
318	17	867
1099	1	17
750	13	98
1100	1	11
412	13	79
906	4	8
120	10	128
1101	11	110
119	8	1102
169	4	7
204	4	940
558	6	373
236	1	521
33	17	1103
1104	13	33
1105	5	196
357	17	225
105	3	24
239	1	113
119	8	1106
209	13	1107
300	13	110
79	10	512
24	9	619
51	17	999
357	1	19
209	1	330
452	1	303
963	1	42
420	11	165
474	1	42
881	8	207
207	29	1108
79	10	1109
43	1	67
209	1	1110
79	10	1111
112	6	1112
141	5	110
79	10	323
24	9	696
1113	1	67
209	1	1114
79	10	1115
24	9	412
1116	22	1117
1118	10	7
1119	1	17
1120	3	80
51	11	16
1121	6	15
694	1	11
55	13	51
100	1	991
224	10	24
79	10	95
507	1	11
1064	1	19
24	9	1122
24	9	1123
1124	3	24
1125	34	183
16	1	3
234	1	67
357	34	183
889	4	8
136	19	13
8	4	1097
1126	17	33
1127	19	136
64	36	464
205	8	207
33	1	303
561	1	11
1128	11	33
304	8	1129
1130	13	51
119	17	400
27	33	265
98	11	1131
252	3	7
169	4	133
24	19	333
605	3	1132
35	12	380
151	17	98
459	1	17
312	10	143
254	3	684
633	3	684
1005	10	65
51	11	1133
414	44	1134
24	9	1135
8	4	171
190	1	85
124	1	113
280	1	113
24	9	127
572	17	79
79	10	1136
810	13	51
79	10	64
190	1	11
79	10	236
356	8	353
875	43	1137
349	3	24
24	9	1043
554	11	144
177	17	1138
136	17	140
172	1	1139
1140	13	703
24	9	1141
177	7	65
35	12	152
449	3	24
635	1	521
435	3	24
51	11	630
79	10	1142
1143	1	17
1144	4	8
24	9	1145
51	17	532
24	9	37
35	12	1146
18	13	633
124	1	409
1147	7	376
24	9	1148
455	1	11
29	17	28
628	22	1149
751	1	125
886	1	85
24	9	1045
216	13	748
236	1	11
1150	17	33
1151	3	7
100	33	1152
1153	13	33
306	1	409
1101	5	579
874	9	65
183	34	884
8	4	314
119	17	1154
24	9	1155
470	1	67
77	13	39
1092	27	1156
539	10	524
182	24	368
27	1	521
56	13	127
98	11	238
603	17	602
150	34	183
131	1	87
875	55	953
1157	13	51
24	9	360
860	1	67
314	3	24
1158	56	1159
204	3	321
9	4	8
267	3	24
275	1	67
302	1	44
240	33	1160
302	1	42
79	10	48
294	1	19
904	17	98
1161	11	33
8	4	896
16	1	87
208	21	408
51	11	995
1055	17	98
51	17	1162
79	10	224
327	1	17
24	9	518
25	32	814
1091	10	918
1020	1	219
207	29	131
130	19	192
26	1	44
98	11	1088
315	1	85
205	1	219
933	1	11
1163	1	17
491	13	79
452	22	348
1164	35	452
24	19	1165
120	10	149
708	1	19
24	9	7
324	10	65
1097	1	521
24	9	684
40	33	1166
240	1	19
33	17	1167
1168	57	169
240	1	113
8	4	1169
571	13	20
204	4	584
603	17	1170
79	10	1171
24	9	1172
660	3	7
60	3	24
1173	1	19
332	10	205
224	3	1174
1175	42	565
33	17	877
24	9	698
368	9	65
1176	32	1177
703	3	80
79	10	1017
875	30	1178
226	33	1179
577	11	94
474	1	19
472	1	17
423	1	1180
178	7	177
20	7	590
29	17	1181
132	3	7
619	1	11
224	3	795
281	32	814
24	9	138
51	17	253
79	10	1182
156	14	40
630	13	51
1183	13	51
236	1	87
79	10	749
1184	11	29
774	1	42
600	13	368
8	4	597
98	11	739
1185	10	39
425	1	42
893	1	11
151	1	11
708	1	17
826	10	7
310	4	8
458	11	33
865	6	15
1186	1	42
24	9	1187
84	18	105
24	9	434
1188	10	165
952	58	876
79	10	1189
144	17	1013
33	17	1190
57	1	125
299	6	15
1191	13	110
1192	3	264
854	11	732
439	1	11
497	3	133
317	1	17
1193	1	67
572	13	51
643	30	79
209	1	391
1194	13	310
1041	10	33
229	34	1195
8	4	374
33	17	978
1196	4	8
169	4	65
635	1	85
875	30	1197
927	11	112
605	13	79
98	11	820
450	13	318
443	34	183
207	28	1198
98	11	635
563	13	68
435	3	290
64	17	1199
30	24	6
35	15	54
304	35	143
414	34	530
597	4	8
886	4	204
208	21	1200
53	3	7
65	3	659
98	11	1201
1202	10	299
477	1	85
33	17	1203
774	1	11
303	13	79
123	1	85
547	1	19
24	9	1204
564	4	8
33	17	1205
24	19	736
90	1	219
81	13	452
27	1	85
969	1	85
24	19	755
24	9	756
703	4	8
134	1	19
51	11	57
896	3	7
51	11	494
1206	8	207
79	10	633
207	29	1207
1208	1	42
961	13	437
281	36	1209
207	29	501
342	10	177
24	9	882
570	1	11
669	1	11
1210	28	153
753	13	217
1045	3	69
24	9	1211
65	22	348
852	32	814
136	13	79
1101	11	33
4	2	281
435	10	290
39	17	1212
79	10	1213
33	17	1214
694	27	206
200	1	85
1215	7	357
912	4	8
24	9	1216
267	1	19
633	1	113
33	36	1009
24	19	283
100	33	1217
1005	17	1028
409	13	98
209	1	1218
64	13	119
64	24	205
315	1	87
135	11	524
8	4	412
143	4	1098
43	13	711
439	3	269
776	1	67
40	55	953
1097	3	607
572	4	8
33	17	486
962	4	8
1215	17	107
379	1	521
212	45	419
1219	4	8
678	1	44
38	17	1220
558	26	37
24	9	672
712	17	98
774	1	521
426	3	1221
452	3	7
458	7	33
951	1	87
1222	11	33
57	1	17
177	17	1223
239	1	521
64	13	127
138	3	24
90	1	19
374	3	191
660	1	42
79	10	414
124	31	1224
120	10	235
25	21	1087
439	3	321
25	1	113
825	3	7
411	55	1225
79	10	259
2	1	1226
597	1	67
112	17	1227
130	35	143
51	17	1130
120	10	197
1013	13	144
270	13	79
1176	14	40
1124	4	8
423	1	85
211	13	20
635	1	11
100	1	667
1228	11	732
808	7	64
519	26	905
35	12	283
449	1	19
874	19	1229
24	9	1230
198	1	44
79	17	156
672	3	629
1231	30	79
495	48	64
979	1	85
209	1	948
8	4	236
1113	1	113
585	45	750
198	1	667
1013	13	368
423	14	40
637	6	1232
8	4	2
1211	1	17
1233	3	7
678	1	511
199	13	1234
40	1	521
168	3	290
281	1	125
893	1	469
1098	22	348
1086	7	65
504	34	183
24	9	823
412	4	8
65	1	44
1235	0	1211
1236	51	500
400	13	119
27	4	8
446	1	85
79	10	519
585	31	924
749	1	87
24	9	572
999	17	51
305	1	42
156	1	85
116	1	85
533	45	530
1237	13	33
474	1	85
163	1	17
572	1	19
207	28	7
844	24	368
627	1	113
29	17	900
51	11	537
244	1	85
1238	10	64
252	4	8
209	21	281
140	13	127
74	34	183
497	4	8
476	13	51
144	13	79
816	10	64
135	1	409
48	13	360
1239	13	51
6	1	228
188	1	11
6	1	415
175	1	17
98	11	1240
98	11	205
43	1	556
1241	8	207
1061	17	51
1173	1	11
209	7	344
77	5	789
79	10	1242
111	9	65
8	4	566
811	3	7
985	13	153
560	1	17
660	3	133
24	9	564
246	1	11
335	1	11
1199	13	64
24	9	1243
603	14	40
155	1	17
79	17	124
951	1	67
177	17	683
98	11	663
819	1	113
294	1	303
100	1	675
24	9	421
406	1	19
1194	6	1244
16	1	330
1245	5	39
449	3	7
51	11	1246
613	35	65
86	8	207
24	19	102
368	35	143
660	1	85
242	13	51
33	17	1247
79	10	1248
24	9	472
64	10	65
1249	11	79
24	9	1250
100	33	1251
51	17	263
1252	1	17
819	3	496
51	17	1253
214	1	67
43	1	87
79	10	1254
33	17	592
8	4	708
875	32	1255
747	7	368
79	10	1237
159	13	396
1256	13	20
51	11	1257
1258	16	646
209	1	1071
1259	4	454
1260	17	316
776	1	85
98	11	63
1237	13	32
86	1	17
105	3	7
150	1	19
64	1	17
79	10	1261
8	4	1192
24	9	100
297	1	17
452	4	8
776	1	113
844	1	1262
803	3	7
1263	13	20
1163	8	207
395	3	24
40	8	207
43	1	19
79	10	281
294	5	110
1045	1	19
1264	11	579
51	11	1265
374	22	1149
271	10	170
321	14	40
205	13	51
986	7	165
815	1	11
281	1	113
584	4	454
1266	10	33
521	13	22
167	9	204
377	1	19
794	17	1267
267	1	11
1177	32	671
809	1	87
24	19	947
64	11	127
79	10	1268
150	1	17
79	10	820
24	9	1269
614	18	204
478	3	7
24	9	1270
27	3	684
281	1	521
267	10	7
79	10	809
79	10	1271
24	9	1272
452	1	125
79	10	1273
1214	13	33
639	32	814
49	8	35
79	10	1079
112	1	125
1274	9	1275
762	1	19
51	17	1276
1277	3	7
1097	3	663
811	1	113
491	1	1278
450	1	113
79	10	401
551	16	50
423	1	667
297	1	409
896	3	370
120	10	227
662	10	220
35	12	192
1279	13	153
68	4	1148
33	17	141
1280	15	888
170	4	462
24	9	1228
1281	18	426
533	1	85
27	1	42
785	1	11
825	4	950
4	31	1282
1208	3	24
520	3	629
1283	1	17
229	13	1284
638	11	167
207	29	1285
122	32	339
635	1	42
24	9	174
8	4	703
590	13	93
79	10	980
1193	1	804
209	44	447
263	1	42
1286	13	144
1287	1	19
6	1	766
1006	10	119
474	1	113
79	17	328
1127	1	113
402	8	207
24	9	1288
1289	1	521
504	1	85
64	26	37
423	1	511
1116	3	264
24	9	1290
52	1	87
302	1	3
1291	29	127
1292	11	29
100	1	804
327	10	7
24	9	538
8	4	906
1277	3	290
491	1	341
539	11	144
35	12	365
776	4	8
1293	1	87
281	1	3
385	10	33
24	9	145
54	1	67
426	3	7
150	1	85
1087	31	810
312	11	261
207	29	1294
277	1	11
482	3	268
79	10	1295
590	1	11
482	3	24
51	17	316
452	3	321
673	13	51
24	9	764
51	17	1296
8	4	434
33	17	1297
448	5	304
81	11	33
722	23	204
64	8	1298
79	10	1299
726	17	98
1300	1	521
175	3	290
183	34	1301
647	1	17
98	11	1302
826	4	204
24	9	393
122	30	1303
33	17	292
98	11	1304
157	16	1305
79	10	319
792	13	127
1138	13	177
85	13	79
169	4	280
446	1	461
183	34	1306
51	17	1307
699	26	1308
574	4	8
414	1	409
244	3	24
177	17	1309
1310	1	17
482	4	8
1311	17	33
151	1	521
449	1	11
892	1	17
298	7	33
205	1	948
79	10	197
79	10	1312
100	1	279
66	1	42
1313	13	603
584	1	17
113	13	79
297	1	3
190	4	8
449	4	8
1314	10	33
8	4	688
67	13	98
875	30	462
33	17	1315
1316	10	177
1317	52	30
8	4	1118
24	9	1318
634	1	17
240	33	265
79	10	1319
209	1	1320
51	11	179
281	36	1321
8	4	150
617	1	11
255	1	85
726	1	42
785	4	8
1	22	1004
750	1	17
1097	1	67
79	11	6
917	1	19
120	10	657
79	10	380
51	17	189
671	33	498
420	13	20
317	1	67
20	7	172
444	1	85
100	33	1322
940	3	24
335	1	125
156	1	87
82	5	437
1099	1	11
1323	3	684
520	22	348
503	59	158
378	1	42
79	10	1324
371	13	21
881	31	306
431	22	1325
1181	11	1127
325	11	79
51	13	1326
722	8	207
51	17	645
1103	11	33
100	1	404
700	1	85
1327	8	207
62	16	479
454	4	796
318	11	94
26	1	85
98	11	1093
452	1	19
24	9	428
847	8	207
1328	3	7
507	1	85
450	1	19
35	12	216
536	1	85
1329	23	204
1097	4	8
369	10	7
37	13	339
634	1	113
860	1	113
1330	4	8
527	1	17
423	1	17
240	31	1331
529	2	124
24	9	1299
515	13	51
1332	13	368
1029	1	11
399	1	113
172	22	1004
855	10	64
977	1	19
963	1	85
1140	1	113
549	3	7
945	7	36
407	1	67
414	1	1139
1211	1	85
997	17	55
1023	7	376
825	3	24
237	1	11
240	1	11
1333	1	113
24	9	1334
1053	32	1088
33	17	1024
1030	53	117
1335	11	29
8	4	1283
977	1	67
207	28	529
354	1	17
1336	13	51
1196	3	7
571	10	204
51	11	195
722	20	207
79	10	240
100	1	1337
294	1	125
24	9	1338
1339	1	17
51	11	1340
24	9	669
450	13	577
24	19	1341
338	11	732
79	17	1134
872	11	612
205	34	627
68	4	607
1342	10	74
39	1	85
875	30	1343
628	3	921
1344	1	17
24	9	775
380	19	874
24	9	507
100	1	1278
398	10	177
1212	13	39
216	8	1345
79	10	144
78	1	11
51	11	414
24	9	276
209	31	810
802	1	17
646	16	715
171	22	1346
51	13	1347
115	3	7
585	8	207
127	17	526
965	4	8
573	1	67
24	9	1348
706	13	177
870	1	87
144	1	766
51	17	1349
789	35	65
98	11	1350
51	17	627
996	1	87
24	9	462
590	13	51
8	4	584
414	45	530
207	28	1351
1352	1	11
1229	9	204
183	34	205
277	17	51
524	35	65
1353	17	51
997	8	207
51	17	1354
24	9	476
1053	60	1355
24	9	708
875	30	60
76	13	793
380	35	143
209	23	143
51	11	955
242	1	42
255	1	125
79	10	65
689	4	8
88	1	85
111	7	65
357	1	11
7	8	207
24	9	482
24	9	168
384	4	8
393	1	11
758	13	51
297	3	1356
224	3	1357
1097	1	42
61	1	219
776	1	19
360	9	53
131	1	461
114	4	8
1358	3	24
1068	18	452
24	9	379
120	10	118
1359	3	7
275	1	19
183	34	1360
508	4	8
627	34	1361
408	1	469
750	1	11
1035	1	85
926	3	269
98	11	1362
1062	5	144
1096	32	454
27	1	409
172	4	8
193	27	54
979	18	426
27	3	268
1124	3	191
52	13	51
616	1	85
24	9	1363
588	17	750
258	5	167
13	9	204
365	19	368
79	10	1364
1365	1	1262
468	22	1366
1367	17	1368
209	60	1355
472	1	19
89	28	88
348	17	107
1369	8	207
935	3	24
751	3	7
124	13	79
265	61	397
860	1	42
1370	8	207
1371	17	33
98	11	1372
79	10	1373
549	1	113
212	2	4
79	10	1374
79	10	1375
1330	3	133
702	1	113
240	1	521
991	17	51
726	1	11
24	9	1376
98	11	806
741	13	33
380	8	1377
1378	6	373
209	60	1379
39	17	215
729	1	42
875	30	110
79	10	647
1380	10	144
136	35	65
605	1	67
51	17	647
98	11	1381
175	3	24
729	49	169
24	9	883
79	10	525
149	7	65
881	1	44
24	9	1358
135	1	85
951	1	125
24	9	205
1382	11	177
831	36	64
69	10	120
272	14	40
208	1	42
497	3	24
407	1	44
1289	1	85
6	1	19
315	14	40
425	1	87
79	10	1383
606	13	98
120	10	365
442	1	42
585	45	226
24	9	2
799	8	207
166	10	1384
24	9	1385
414	44	300
547	1	521
112	1	17
474	1	11
1386	26	37
1387	1	113
218	23	204
1019	17	33
124	31	924
1035	1	11
1388	27	376
443	4	8
637	1	19
79	10	1389
1390	1	17
1010	1	17
113	13	761
848	4	8
789	8	1391
918	3	24
185	1	42
111	35	204
1387	3	7
1339	1	11
24	19	291
51	11	1392
18	6	1393
969	1	1394
627	1	17
548	1	67
252	1	85
421	1	17
306	1	219
231	8	207
38	17	1395
1122	3	7
309	1	85
1396	10	39
1352	1	113
1397	1	42
376	36	375
1398	10	227
437	35	65
79	10	1399
459	1	1400
755	9	452
1267	0	794
54	36	315
1194	34	0
191	30	94
4	2	1401
1005	17	64
24	9	802
407	34	124
183	34	1402
78	17	98
572	3	7
205	1	1262
93	11	760
152	19	119
439	3	290
1192	4	204
98	11	1403
24	19	1404
1129	29	304
79	10	1405
51	17	1406
1407	11	304
79	11	1408
51	11	1409
250	13	919
29	7	65
79	10	1390
883	31	1410
149	21	122
25	1	521
297	3	7
51	17	347
819	3	290
614	6	1112
446	1	125
98	11	1411
209	60	1412
79	10	1277
410	30	169
716	17	79
310	3	684
566	7	185
8	4	1045
1388	16	376
837	32	1053
1413	18	1098
1061	1	19
564	1	17
51	17	295
1414	59	373
209	27	562
98	11	1415
627	17	51
199	14	40
628	4	8
422	13	79
79	10	1416
330	13	79
603	17	1313
65	1	85
24	9	718
888	18	889
1068	1	85
205	32	901
886	1	17
1016	1	19
216	13	20
672	3	321
704	5	365
744	3	268
236	1	17
51	11	253
450	11	1187
633	1	330
1168	57	65
79	10	253
33	17	298
385	13	33
393	1	17
543	1	113
401	1	87
79	10	1417
1418	7	136
18	1	17
98	11	668
872	10	312
35	54	365
26	1	67
79	10	1340
312	30	79
450	11	79
446	1	1419
8	4	286
8	4	319
367	17	29
24	9	1420
79	17	391
79	10	1421
694	4	8
1124	1	11
1422	13	177
1245	13	39
302	1	17
691	1	11
990	13	98
302	1	125
1354	17	51
414	1	511
224	3	268
209	1	67
98	11	311
207	29	208
329	1	17
61	1	113
79	10	1423
806	1	19
134	13	135
34	1	85
24	9	1424
633	3	80
209	1	1425
135	4	633
400	13	380
79	10	227
1426	39	455
758	10	38
16	1	11
79	10	165
208	1	85
79	17	491
51	17	1427
20	7	1249
24	9	1428
883	1	521
408	1	521
1429	14	40
79	10	1430
603	19	1229
1223	7	177
120	10	661
243	13	51
79	10	363
1431	8	207
338	11	36
117	1	67
856	13	51
51	17	546
516	13	39
79	10	1432
100	33	1433
116	14	40
124	2	530
24	9	286
1434	13	51
414	1	521
227	1	19
549	1	44
849	10	359
61	1	67
26	1	87
474	1	125
636	1	42
20	7	40
1034	1	521
90	1	521
200	1	303
79	10	345
527	1	19
819	1	1226
1435	1	19
24	9	133
79	10	1436
570	1	42
41	1	85
8	4	1323
8	4	21
79	10	505
1437	7	360
24	9	568
1438	3	7
785	1	19
652	13	79
1068	6	15
678	43	813
100	1	509
57	1	521
111	19	220
578	7	339
779	22	1366
114	3	24
65	33	265
321	1	521
98	11	657
135	3	80
623	3	1439
98	11	788
136	11	153
125	7	603
1347	11	79
1440	7	342
33	17	1266
30	1	1441
79	10	1442
79	10	1302
558	6	15
33	17	429
79	10	1443
156	8	207
24	19	1076
24	9	43
8	4	623
706	11	119
165	35	143
207	29	1444
79	11	360
122	32	666
209	1	1445
883	1	113
1446	36	1447
379	1	67
165	17	430
1448	1	42
1163	0	1429
925	13	33
51	17	1449
605	1	85
794	3	1174
135	1	67
744	3	24
24	9	273
79	10	1450
207	28	5
79	10	1451
776	1	330
133	1	521
24	19	1452
8	4	224
338	5	339
1453	13	51
1454	4	8
100	1	1455
1456	1	17
188	1	17
1457	1	67
133	1	125
24	9	1281
24	9	248
275	10	7
695	13	572
1458	5	33
123	1	113
79	10	681
1419	17	51
1459	29	76
98	11	1370
29	17	1460
1088	44	1461
8	4	1208
104	4	8
831	30	110
79	17	499
79	11	1231
265	1	1278
437	8	1462
1033	22	348
469	13	33
182	5	33
122	32	48
821	16	62
164	35	482
64	14	147
182	13	33
207	29	1463
100	33	1464
703	1	87
376	36	1465
1396	13	39
1466	17	360
1103	17	33
192	9	143
188	10	65
1185	13	39
79	10	1073
24	9	1467
79	10	1468
79	10	1469
64	17	816
597	1	17
254	1	17
849	6	373
1357	1	11
357	17	1215
8	4	982
1470	13	51
24	9	267
79	10	879
779	1	113
1050	22	1366
48	13	1471
24	9	1176
809	1	67
33	1	1262
404	13	98
24	9	1472
24	9	825
119	9	65
79	10	1473
387	13	79
619	1	17
365	17	289
1474	10	33
100	1	1475
185	13	51
134	1	42
24	9	566
51	17	97
156	1	219
1123	3	7
1476	8	207
64	10	947
377	1	17
423	1	991
100	1	1477
522	11	110
603	9	205
209	1	1478
207	28	1479
179	11	33
301	8	207
1480	1	85
13	19	365
536	6	373
24	9	1163
1481	11	29
38	14	40
20	7	666
25	1	11
863	5	119
24	9	1482
1420	3	24
51	17	1353
468	3	7
574	3	322
24	9	22
425	3	663
339	21	122
860	1	17
40	13	79
360	17	1466
218	17	977
437	17	1483
104	4	619
524	1	17
8	4	1484
935	3	370
54	1	509
98	11	1485
1184	7	29
136	17	735
209	1	1455
1070	7	33
1486	3	133
573	8	207
470	1	42
37	26	787
1487	17	51
76	8	1459
721	3	7
98	11	1271
36	17	77
120	10	191
941	1	113
870	1	19
79	10	1488
100	33	1489
563	7	177
423	1	3
320	17	29
35	12	119
658	13	177
1480	17	98
141	6	1490
450	11	197
1235	18	1211
242	1	19
1491	13	177
51	17	783
190	3	7
54	1	17
518	3	80
33	17	1492
169	4	962
207	28	1493
633	3	290
1289	1	17
376	36	1147
281	36	1029
1494	3	7
79	10	128
822	11	79
51	11	712
98	11	1495
775	10	452
79	10	1496
24	9	776
8	4	71
24	9	321
454	4	1072
120	10	571
24	9	751
60	1	44
951	3	7
1497	10	603
548	1	87
561	1	85
24	9	1494
586	48	48
894	3	7
224	3	663
1463	8	207
207	28	1498
68	4	8
227	10	143
79	10	1499
79	10	33
1500	1	11
808	10	1384
51	11	724
1458	13	33
86	1	113
169	36	852
1128	17	33
150	3	290
64	17	1501
124	34	750
339	19	368
1045	1	85
271	1	19
120	10	437
5	23	204
144	17	1502
128	17	98
877	0	672
1165	10	74
1005	14	40
169	4	751
8	4	70
74	1	11
51	11	43
151	1	87
209	1	1134
152	19	167
205	1	42
65	3	24
79	10	1503
76	13	119
479	62	65
997	13	79
1435	13	79
1504	34	183
135	13	79
58	11	33
281	8	35
885	1	11
1505	27	206
839	11	177
1506	29	64
281	36	616
424	37	817
345	1	17
703	1	19
33	10	205
170	1	521
30	1	1071
51	17	1507
24	9	1508
56	11	119
774	7	779
208	1	521
883	1	42
1509	13	177
1123	4	8
79	10	1510
51	17	409
79	10	1339
24	9	1511
2	1	113
207	28	1512
8	4	779
120	10	560
361	7	33
454	4	190
20	7	1513
1259	3	7
1181	17	29
198	1	1514
1483	17	437
671	32	1177
1186	13	51
579	9	205
323	30	79
1515	13	51
120	10	1516
19	13	79
100	33	1517
491	1	1134
889	22	348
1097	1	19
750	1	87
1518	37	1519
1064	1	17
671	1	42
441	63	152
1486	3	191
978	13	33
24	9	542
610	1	67
590	13	1520
118	11	195
129	17	98
24	9	116
172	4	1
124	21	246
144	17	1286
209	13	1521
434	3	268
634	1	11
21	1	67
1499	8	207
40	1	409
236	1	125
909	8	207
548	1	521
439	1	42
315	1	19
945	13	79
27	3	659
98	11	1239
8	4	744
414	7	29
224	3	24
100	1	1522
410	11	144
79	11	30
51	17	1523
1427	17	51
64	10	143
819	3	684
423	1	101
646	16	54
240	17	98
635	1	113
1524	17	51
1525	8	207
79	10	1370
36	14	40
690	3	24
652	7	119
422	1	11
254	1	113
407	1	11
90	1	125
8	4	702
775	1	19
972	24	64
625	37	1526
577	11	760
21	3	538
24	9	453
721	4	8
33	17	1527
678	49	169
425	1	67
414	1	1528
1529	5	144
443	1	3
207	29	407
1530	3	7
30	1	87
84	1	19
1531	5	38
706	11	579
209	1	469
292	11	33
216	1	19
647	1	85
120	10	214
79	10	1532
477	1	17
207	29	733
1533	9	21
79	10	205
30	1	85
803	3	268
8	4	850
435	1	11
1529	13	144
1277	1	17
100	1	67
1534	13	696
1535	3	24
280	1	85
24	9	290
297	3	659
24	9	1536
24	9	294
124	1	521
668	17	112
8	4	172
970	35	452
21	1	330
1537	29	198
127	8	1538
24	9	1539
185	1	19
408	8	35
1093	13	79
805	11	1040
1358	4	8
79	10	1540
680	1	113
450	11	22
120	10	236
24	19	144
640	17	51
809	1	17
170	1	42
68	8	1541
687	1	11
24	9	1542
79	10	1084
1170	17	603
329	3	7
127	8	1543
289	13	365
339	17	338
43	1	1544
434	1	17
1349	17	51
848	13	79
33	1	330
808	13	20
185	1	113
761	19	33
1484	3	1428
1176	33	1545
44	13	177
1546	49	169
4	2	246
1267	1	17
25	1	67
24	9	26
1547	11	33
98	11	798
209	1	509
462	3	195
215	5	39
24	9	1426
434	3	269
235	1	11
1452	9	452
925	10	33
1168	30	133
722	58	64
564	3	974
526	13	127
446	1	409
1548	7	33
896	4	8
1549	10	283
539	17	732
1550	15	127
8	4	190
79	10	891
516	11	579
408	1	44
8	4	454
140	13	217
61	1	87
1283	1	19
1050	4	8
1051	3	24
153	17	367
1017	13	20
24	9	1551
1552	13	51
1144	3	7
127	35	65
33	17	1553
9	3	7
918	3	191
1554	64	299
762	13	275
174	3	290
21	1	125
547	1	67
454	4	962
703	3	133
120	10	153
24	9	1555
1509	1	85
889	3	24
198	1	113
10	3	7
1556	13	79
1557	13	51
221	4	8
549	4	8
986	5	33
54	1	330
146	35	60
131	1	219
24	9	646
133	1	19
30	1	11
79	10	1558
79	10	310
122	32	603
248	1	17
177	17	1491
848	4	204
431	1	42
775	24	452
79	10	1559
1034	1	19
140	6	15
893	53	1145
39	17	1185
1542	22	348
548	13	51
51	17	1560
368	19	339
155	1	85
65	1	17
423	1	1419
1193	1	219
774	10	749
1034	1	67
255	1	67
127	20	604
127	21	122
756	37	1068
198	21	122
51	11	1288
414	7	158
338	6	503
1561	13	1562
1563	7	119
79	10	1564
1115	17	51
1413	24	1289
24	9	18
397	65	396
590	10	382
1456	10	359
79	10	1201
98	11	1087
378	1	366
84	1	17
100	1	606
54	1	366
1565	13	177
8	4	68
120	10	127
54	1	85
79	10	1566
442	1	11
193	16	1567
205	1	391
98	11	958
8	4	605
1208	3	7
1382	13	177
120	10	1254
97	1	67
16	1	409
678	1	1419
24	9	982
425	3	392
1091	1	19
39	17	1396
1175	51	500
389	58	64
78	1	87
24	9	1035
246	1	17
79	10	1568
695	18	572
163	3	7
98	11	1569
1570	5	33
1088	44	484
641	3	7
982	4	8
120	10	519
24	9	317
1098	3	7
859	7	1571
170	4	633
35	12	1572
846	11	144
98	11	1573
98	11	1319
24	19	1067
151	1	113
566	3	24
1032	11	165
79	10	1574
844	13	79
704	13	33
183	34	477
1048	5	1274
301	1	19
1575	8	207
691	1	85
79	10	1576
79	10	491
1577	10	33
1395	13	38
717	1	11
1578	17	29
51	11	1457
177	17	1579
24	9	1580
321	1	85
926	3	290
177	17	1581
1108	55	953
774	14	100
207	29	533
98	11	1582
140	24	283
328	6	644
98	11	938
1583	17	51
261	30	1
124	1	219
516	11	437
439	1	87
423	1	606
79	10	1239
24	9	130
329	1	87
823	7	185
296	13	33
1584	1	11
140	11	333
24	9	349
217	21	122
1509	11	33
1088	8	207
26	20	96
1491	27	122
120	8	207
177	1	19
79	10	1010
236	4	8
1585	7	1586
24	9	906
24	9	1587
1588	3	7
678	1	42
671	33	274
120	10	1077
205	1	1320
8	4	1454
1127	35	65
619	4	104
8	4	951
1429	8	207
1208	1	85
220	17	679
79	10	440
120	10	1589
24	9	1124
79	10	1590
1491	10	177
918	3	133
1237	10	33
1127	19	22
698	3	1428
410	30	290
79	10	1591
282	32	814
98	11	1592
24	9	1146
656	13	33
38	17	1593
51	11	401
79	10	485
76	13	75
119	13	51
56	11	127
297	13	51
24	9	1594
24	9	266
253	1	42
100	33	1595
423	1	228
450	11	118
837	17	20
79	10	1113
1289	1	19
412	1	113
889	3	7
912	1	17
1328	3	321
873	17	33
1596	13	51
79	10	1597
1598	34	124
1541	29	68
1599	17	51
79	10	1600
1507	17	51
24	9	1601
98	11	1496
196	19	560
275	1	3
254	3	24
43	1	1602
1339	1	85
671	1	11
51	11	960
1603	17	51
774	1	87
979	1	67
708	1	85
217	17	98
571	8	615
1092	27	120
637	24	607
54	1	1278
678	1	469
643	11	261
1087	31	681
250	11	33
120	10	1604
1605	18	660
619	3	7
605	1	113
126	10	127
84	1	44
1606	1	85
1252	10	27
24	19	1607
281	1	991
1608	13	51
79	10	969
380	7	65
24	9	1609
24	19	73
744	3	133
452	1	11
1418	13	136
8	4	619
666	13	1610
20	7	856
1287	21	281
24	9	1397
35	12	29
1002	13	79
283	17	1549
425	3	7
119	17	1611
1105	13	64
127	17	624
913	11	33
1612	1	113
229	7	360
255	1	17
54	1	19
732	19	360
24	9	888
918	3	1174
1045	3	24
285	10	65
24	9	76
1118	4	8
1330	1	85
76	1	11
79	10	90
33	17	1613
39	21	122
8	4	1614
79	10	1615
442	14	40
68	3	659
1616	22	348
51	17	1617
64	1	113
24	9	1033
205	36	852
278	11	33
1618	6	373
360	14	40
8	4	1144
414	10	1361
135	11	261
1619	13	127
963	1	87
790	13	789
360	17	229
393	1	67
24	9	1091
1620	8	207
402	1	42
33	36	1092
1614	4	8
1621	8	207
51	17	1622
37	26	64
214	13	119
128	1	113
61	1	125
24	9	275
24	19	756
892	1	11
1203	13	33
207	28	1623
143	20	96
703	8	207
98	11	1624
97	1	113
426	3	321
79	10	1456
1020	1	67
1625	13	39
248	7	868
560	9	452
153	8	1626
1627	1	19
79	10	1628
51	11	1629
36	17	706
105	4	69
79	10	187
1630	17	51
24	9	236
1285	31	309
167	19	732
24	9	1631
427	7	220
124	8	207
165	9	205
7	22	348
120	10	1632
1026	17	98
518	4	1633
369	1	113
437	8	1634
1467	35	65
359	20	96
122	32	29
914	3	24
98	11	1635
400	11	380
1333	1	17
79	10	442
584	4	8
24	9	8
794	3	133
64	11	39
395	3	7
1636	9	205
408	1	87
163	3	24
1116	3	290
1637	11	22
430	13	165
239	1	11
6	1	11
1056	8	207
88	3	7
177	17	1565
507	1	42
1146	35	65
1638	3	7
646	36	464
568	6	1639
482	22	1640
504	4	8
51	11	993
829	13	79
189	13	51
597	1	85
1641	11	39
27	1	67
273	33	1074
429	7	33
253	1	17
24	9	1642
1279	13	380
439	1	125
1643	17	51
156	1	42
854	6	15
580	13	39
57	1	67
702	3	133
79	10	456
312	13	79
893	28	1020
917	1	409
297	10	235
1480	1	113
337	17	51
295	1	85
297	1	391
79	10	68
817	13	39
281	1	330
177	17	1316
81	1	113
876	5	196
24	9	1561
79	10	1644
79	10	255
328	10	39
775	13	736
428	19	196
450	1	409
421	1	19
100	33	1645
940	4	143
1087	32	1053
24	9	778
948	13	98
1408	11	153
81	6	15
1124	3	7
551	12	561
234	1	469
374	1	85
98	11	1646
262	22	348
0	34	1194
1194	18	310
905	11	283
491	1	85
867	17	318
561	17	98
867	17	444
79	10	691
617	1	17
977	7	1615
78	1	42
208	21	147
281	8	207
997	1	17
962	4	454
442	1	85
891	13	51
570	1	87
79	10	357
647	13	51
8	4	848
8	4	1647
77	13	36
51	17	1599
349	3	269
757	13	368
1637	11	33
209	1	461
914	1	113
619	3	80
428	35	143
1648	37	1649
51	17	416
439	1	17
111	14	40
941	23	204
479	16	646
616	1	19
79	10	1650
1328	4	8
1194	26	0
511	13	79
449	4	204
586	55	953
613	1	17
926	3	7
882	3	24
79	10	112
51	17	1651
597	3	24
193	8	207
188	1	521
62	62	1652
1156	23	143
135	4	8
100	1	1653
951	4	8
570	1	85
282	1	113
911	13	368
657	13	51
212	2	218
98	11	316
809	1	113
170	3	80
965	1	19
451	1	85
414	45	909
79	10	579
24	9	749
470	1	11
1051	8	207
470	1	85
8	4	950
315	1	44
376	16	1654
1061	1	17
61	1	19
660	4	8
208	21	1655
24	9	690
1151	3	195
572	3	538
462	1	17
1656	58	64
669	4	204
100	1	85
1657	12	143
122	32	119
24	9	64
93	11	382
20	7	145
425	1	17
275	27	206
280	3	7
637	6	1658
64	6	15
1207	8	207
1034	18	21
150	1	11
87	13	29
1659	11	33
1371	11	33
1027	8	207
79	10	382
79	10	169
79	10	1660
709	11	153
853	13	51
979	1	42
135	3	684
1452	1	17
914	1	11
45	13	165
280	3	24
208	21	124
42	13	79
205	1	1139
8	4	114
57	1	11
79	10	327
401	1	521
1311	11	33
414	36	1661
33	17	934
61	13	79
6	1	279
98	11	1136
204	4	886
8	4	807
917	1	67
261	11	21
1064	17	51
166	6	503
273	33	498
504	3	24
849	30	79
1193	17	51
1087	31	1410
64	11	360
707	11	79
105	22	734
136	14	40
275	1	42
446	1	1278
156	4	8
254	1	85
867	17	51
127	11	360
79	10	661
977	1	87
1087	31	924
1662	13	51
79	10	1663
893	28	1369
41	1	521
24	9	163
79	10	1664
548	1	17
27	3	290
1665	7	33
177	17	1666
79	10	742
51	11	1667
98	11	1022
209	1	556
748	7	216
217	13	51
8	4	1233
64	7	65
700	1	19
534	13	51
321	1	19
79	10	1668
207	29	821
208	1	113
98	11	1669
363	1	42
1513	11	79
605	1	87
33	17	873
24	9	1097
1051	22	348
8	4	135
79	10	27
209	31	1410
1670	13	51
79	10	1671
383	13	51
690	3	7
79	10	1672
435	4	8
1673	9	965
95	36	852
542	1	11
51	13	1513
204	4	8
1452	1	85
24	9	1674
869	1	85
852	1	11
1675	1	17
1563	13	119
1192	3	290
1496	13	51
779	4	8
1397	1	19
77	11	437
68	3	845
79	10	1676
207	29	1677
24	9	410
297	1	219
361	17	33
209	1	1419
536	13	870
224	10	938
1215	1	87
819	1	11
508	1	17
937	17	316
2	3	1221
934	5	33
8	4	504
79	10	1678
884	1	19
603	21	122
412	10	7
51	17	990
79	10	177
79	10	687
98	11	1679
127	17	792
462	4	143
24	9	1505
951	1	17
24	9	723
1211	3	7
16	1	521
490	23	204
396	65	397
282	1	19
249	6	158
527	13	51
100	33	1680
434	3	290
633	1	17
30	13	152
141	7	33
24	9	1127
169	8	559
1491	13	20
808	10	64
345	1	67
79	10	321
1536	13	79
342	13	177
914	1	17
120	10	275
21	1	1262
79	10	4
76	13	1681
79	10	1682
1097	1	87
423	1	857
1097	10	7
24	9	21
128	1	219
295	1	113
209	14	40
619	1	87
757	17	29
423	1	330
119	17	76
1683	17	491
176	35	27
236	3	752
446	1	19
412	1	87
79	10	63
120	10	68
785	3	7
79	10	439
120	10	410
683	13	79
549	1	87
888	6	1684
24	9	1432
850	1	17
335	1	42
29	17	1685
979	13	1686
267	1	87
304	19	380
24	9	60
24	9	1687
98	11	1660
127	17	126
601	1	17
775	0	452
1475	13	79
8	4	694
596	17	98
1120	3	7
183	34	357
518	3	269
1683	17	209
508	8	1021
1395	10	38
170	3	290
710	1	19
60	17	554
34	1	17
1429	3	7
1647	4	204
8	4	634
1347	14	40
177	17	1422
1053	32	837
149	16	1688
454	4	694
54	21	281
1233	4	8
43	1	915
21	1	521
52	1	44
124	13	368
1283	3	7
24	19	1689
51	11	177
1690	13	51
317	14	40
802	1	11
637	18	478
225	1	67
327	3	663
479	62	24
24	9	558
1587	11	1229
1215	1	67
1335	17	29
98	11	485
20	7	1326
224	10	7
100	1	1262
294	1	391
1691	13	51
267	1	113
79	10	151
1120	3	24
14	11	119
33	17	1692
646	16	1258
317	1	19
51	17	878
749	1	85
8	4	60
120	10	205
37	26	558
6	1	1693
8	4	148
79	10	1694
98	11	1695
603	19	136
183	34	2
703	1	521
368	9	204
24	9	579
1404	37	885
24	9	850
1696	7	1005
449	1	85
24	9	1644
494	1	67
357	1	67
81	6	1414
297	3	321
24	9	940
62	62	24
1647	4	8
24	9	221
209	33	1697
465	4	8
1429	4	8
831	11	64
98	11	120
232	58	64
8	4	764
1479	1	17
24	9	1369
623	3	496
256	1	19
199	7	196
144	17	1529
819	3	1357
809	1	42
844	11	22
671	1	67
912	1	521
1481	13	51
378	1	3
177	8	946
1698	8	207
120	10	1699
33	17	1700
51	17	601
781	1	113
51	17	52
310	22	348
671	1	85
240	33	1701
454	4	1259
10	22	1149
231	1	85
814	32	282
605	1	19
423	1	87
725	1	11
1702	13	51
408	1	19
831	30	64
702	4	8
175	1	125
1	1	19
150	10	120
105	4	104
221	4	825
328	13	79
135	1	87
1703	17	51
965	3	845
24	9	1572
179	1	11
641	4	8
809	1	11
124	31	309
365	19	13
848	1	19
1636	9	33
30	17	736
175	1	11
66	1	19
780	1	42
597	3	7
1480	1	19
414	21	281
1119	18	254
33	8	1704
138	3	7
874	9	205
454	4	8
633	3	496
8	4	425
24	9	740
98	11	383
601	1	85
875	30	1705
29	1	1706
177	17	563
114	3	195
886	3	7
33	17	1222
831	36	376
1005	13	20
48	5	360
267	1	521
1212	11	437
51	11	1018
84	1	125
414	11	205
1289	1	67
258	1	85
750	34	124
787	26	37
58	17	33
776	3	7
150	3	24
1707	18	825
8	4	88
170	3	1439
30	1	1708
422	3	80
24	9	186
854	11	38
37	26	1386
937	14	40
79	10	1709
24	19	983
896	1	42
51	11	29
8	4	468
79	10	74
1192	4	8
208	7	1586
175	1	469
1710	13	33
369	3	7
68	1	17
8	4	10
171	3	7
105	3	663
1359	1	17
24	9	1711
627	1	521
494	1	11
939	17	98
911	5	368
886	4	8
266	11	110
1712	28	666
30	11	79
198	1	991
965	1	521
97	1	17
98	11	1317
4	31	924
24	9	137
25	1	17
8	4	369
1296	17	51
1127	9	205
79	10	1381
1047	4	8
762	1	85
1421	13	51
234	1	330
51	17	622
1713	31	344
104	34	1125
227	1	11
671	1	409
1277	1	11
819	3	1356
883	1	19
449	1	113
216	7	959
24	9	605
327	1	125
779	1	42
79	10	242
796	3	7
79	10	1714
24	9	299
1715	17	51
708	3	7
143	4	172
79	10	449
1293	1	67
723	33	1179
558	13	738
699	26	1378
780	13	107
572	1	85
1716	13	33
729	55	1225
236	1	42
100	1	303
79	10	1457
1229	19	874
24	9	595
51	13	1690
360	19	110
424	9	205
207	29	836
666	30	79
572	1	87
127	20	1291
133	1	67
715	16	62
8	4	549
79	10	267
9	3	24
64	8	1506
76	13	1717
222	16	62
51	17	1552
54	1	341
875	30	233
24	9	1252
169	4	8
414	1	804
207	29	1718
722	1	42
54	1	125
131	1	113
1719	13	51
79	10	157
33	17	656
1003	7	376
963	1	17
130	19	380
24	9	1720
1215	1	409
90	1	17
428	19	22
576	1	3
234	1	19
315	1	521
1211	3	24
24	9	894
119	17	1563
539	7	22
135	1	857
374	1	11
746	8	207
33	17	830
64	7	205
190	1	17
603	8	620
1721	10	64
79	10	555
454	4	280
86	1	85
98	11	1111
262	3	290
74	4	8
64	13	65
872	11	666
1722	1	19
64	32	389
170	1	19
33	17	1279
1723	11	33
144	19	1229
318	13	450
780	1	19
297	1	11
746	13	61
1220	17	38
120	10	1143
598	8	1626
79	10	1392
229	13	93
33	17	1724
98	11	1725
33	17	692
894	4	204
798	13	51
24	9	1047
29	17	1726
24	19	560
1228	18	690
744	3	1174
750	1	521
79	10	666
212	21	281
88	1	19
209	1	1727
1593	1	42
190	1	87
749	1	67
1173	1	17
105	4	8
24	9	380
8	4	572
143	3	80
423	1	469
1728	17	51
51	11	661
24	9	384
144	17	846
51	17	991
1729	18	607
639	17	98
1383	3	7
452	1	3
24	9	610
1279	13	33
865	13	425
297	1	415
235	13	20
51	17	1173
435	1	113
215	1	113
209	1	1730
524	19	152
1009	7	1731
401	13	51
74	1	303
814	32	65
116	1	11
819	3	460
627	1	42
1484	4	8
51	11	808
1492	10	33
33	13	79
703	3	684
79	10	26
278	6	503
628	3	7
51	13	717
1108	30	110
709	13	6
29	17	1732
914	3	7
520	3	290
79	10	1575
143	3	24
33	17	1126
1390	13	51
24	9	694
24	19	1733
1169	1	17
681	13	51
1283	4	8
572	27	206
1193	1	19
1203	11	119
112	6	503
214	1	85
1119	1	42
41	13	51
335	1	85
743	7	165
491	1	447
117	13	1303
79	10	1662
367	13	368
30	14	100
27	3	1439
22	19	196
21	17	1034
1021	29	508
24	9	1359
198	1	391
60	3	321
100	1	948
79	10	1635
68	3	321
516	1	42
369	4	8
79	10	1288
1734	6	373
24	19	136
1116	4	8
24	9	167
79	10	352
190	1	113
1156	34	124
335	13	51
127	17	1619
205	1	87
79	10	1413
354	13	107
1695	13	51
1457	1	85
589	22	1117
270	13	1632
147	1	11
120	10	1735
527	11	79
1168	57	21
24	9	1452
27	1	17
51	17	487
428	17	887
719	4	8
198	20	1736
24	9	1516
1148	3	7
1358	22	1149
98	11	189
571	7	65
24	9	785
708	4	8
8	4	607
592	17	33
240	36	464
35	12	1237
1737	10	603
282	14	40
144	8	1738
1480	1	521
235	1	219
1045	4	8
208	21	1739
623	3	191
972	13	64
912	3	24
156	1	11
780	1	1419
1043	35	65
554	1	17
1740	5	119
751	4	8
661	1	11
708	1	42
872	11	1085
51	17	636
8	4	163
240	1	219
775	1	17
124	2	1156
212	2	288
379	17	1741
229	10	360
414	17	98
64	17	1238
603	19	874
1497	7	603
410	30	195
24	9	1237
98	11	784
51	17	648
533	1	44
35	12	524
79	10	1310
926	3	24
79	10	1742
414	1	87
918	3	268
201	13	51
321	33	1166
227	17	98
224	3	7
64	1	87
207	29	1241
130	17	79
844	5	761
20	7	243
24	9	1051
794	3	191
98	11	1743
224	3	659
450	1	11
408	8	207
1092	13	51
1210	42	565
6	1	17
570	1	19
1479	8	207
1191	11	110
51	11	116
2	1	67
144	10	701
239	1	125
191	30	27
79	10	1744
79	10	1745
1746	13	51
21	8	989
306	13	51
98	11	673
472	3	195
1641	7	39
33	1	11
24	9	264
120	10	36
435	1	85
207	29	837
200	1	87
24	9	34
1535	3	7
24	9	1026
384	3	24
1169	1	42
1747	8	207
79	10	1146
79	17	33
1293	1	42
450	11	39
407	1	766
79	17	1748
100	1	857
100	33	1749
539	5	220
8	4	672
136	7	65
124	1	17
151	1	125
1364	13	51
319	1	17
24	9	671
763	4	8
1193	1	521
809	1	44
225	13	51
1750	13	107
79	10	617
209	13	318
951	1	44
20	7	65
207	28	1476
379	10	1384
460	1	125
297	3	121
207	28	490
1252	1	3
796	3	24
952	13	20
1045	3	845
450	11	1516
610	1	42
1469	13	51
839	7	177
2	1	1419
79	10	355
273	33	1179
1	3	7
79	10	285
29	17	1335
178	10	177
267	4	8
1502	17	144
1751	1	11
224	3	191
398	13	177
133	4	8
219	17	51
297	3	684
51	11	470
347	1	19
540	22	348
680	1	521
98	11	1752
572	1	113
429	17	33
24	9	680
1406	17	51
144	19	1146
463	21	1753
24	9	216
18	1	11
24	9	1754
229	13	20
51	17	184
51	17	1300
79	10	1240
207	29	231
1133	1	19
77	7	36
414	1	461
304	7	65
294	1	42
407	1	1400
79	10	798
414	7	1755
209	1	1756
69	3	24
1259	4	8
98	11	1254
637	24	103
603	17	1757
1056	20	1758
24	9	175
963	1	19
523	11	524
1759	8	207
851	1	19
128	1	125
667	13	79
435	3	7
4	2	1760
585	32	1053
122	32	711
8	4	763
79	10	1372
98	11	46
24	9	253
90	1	113
57	1	85
208	21	1133
119	20	1102
98	11	1443
127	17	141
774	1	113
68	3	684
449	1	42
1163	18	1429
79	10	24
1121	5	524
266	24	1408
1108	8	207
1761	13	51
35	12	110
300	13	79
25	14	40
860	1	19
612	5	127
819	1	85
33	17	1062
711	17	51
1486	3	1174
76	8	1762
1005	1	113
24	9	1763
120	10	380
455	6	1764
2	4	8
1759	1	19
299	6	644
24	9	148
216	8	1765
46	10	205
51	17	1728
79	10	1531
702	3	24
169	4	1047
28	17	29
1368	17	1367
1766	53	76
671	32	814
302	1	521
133	1	42
40	1	125
16	1	125
51	17	729
39	17	1245
281	36	474
37	26	1767
24	9	1768
549	1	521
193	36	1567
250	1	19
275	1	125
455	6	1769
1223	13	177
1770	3	1132
815	1	85
548	1	19
671	17	98
434	1	19
51	11	1038
774	13	1428
207	28	1771
811	1	19
572	1	3
431	3	7
24	19	613
35	12	653
29	6	1772
212	2	530
797	8	207
69	3	7
67	17	51
207	29	1773
120	10	1768
281	1	409
79	10	1411
217	17	216
1113	1	85
30	1	113
977	1	42
1395	7	38
848	1	11
24	9	370
8	4	1124
246	8	207
572	3	290
79	10	1774
104	4	1045
1287	1	17
1657	62	158
98	11	40
33	17	1570
399	1	521
24	19	1775
79	10	117
323	13	20
865	1	44
24	19	1342
24	9	941
1776	35	452
24	9	1584
54	1	1777
1207	21	29
183	34	236
908	1	42
460	1	11
412	1	85
841	23	204
811	1	17
200	1	44
1169	1	11
74	3	1077
79	10	596
1551	14	40
24	9	1778
79	10	76
297	22	936
39	17	1641
414	2	530
779	1	85
1779	6	503
476	1	19
1422	11	177
979	1	17
635	1	67
315	1	42
715	16	50
24	9	641
224	1	19
1395	13	20
711	7	122
79	10	1780
128	1	521
205	1	469
1345	53	216
621	4	8
646	16	973
564	1	42
1766	15	76
781	1	17
79	10	1453
8	4	751
1146	9	204
24	9	1229
806	1	11
1737	7	603
887	6	1658
876	6	373
6	1	330
638	6	373
156	1	67
24	9	659
1696	17	1005
199	1	67
1781	17	51
1154	13	119
200	1	11
991	13	98
2	3	80
71	3	7
584	1	11
412	3	607
554	1	42
963	8	207
215	18	8
209	2	124
751	1	19
24	19	127
98	11	760
74	3	1420
1390	1	11
215	10	276
64	17	1105
437	8	1782
151	13	318
265	61	1783
51	17	1643
423	7	868
1784	12	30
79	10	1415
98	11	1066
431	1	17
726	1	85
24	9	1016
79	17	682
940	4	8
426	3	1535
90	1	42
504	10	7
115	3	80
120	10	749
450	1	87
1718	8	207
200	17	98
0	6	1244
407	23	204
708	34	1785
1061	1	42
119	17	863
920	13	51
51	11	229
297	1	67
209	1	125
191	30	1786
1219	3	133
79	17	447
400	5	119
79	17	521
1262	13	98
773	1	85
294	11	119
491	1	652
648	7	868
297	1	469
407	1	17
543	1	19
79	10	1787
24	9	974
131	1	42
1386	13	560
51	17	1193
826	4	8
893	1	17
1097	3	24
1126	11	33
98	11	548
8	4	1612
437	21	122
149	10	65
3	13	33
207	29	1788
1352	1	85
1308	6	373
280	1	42
98	11	1789
79	10	269
8	3	1221
147	13	93
6	1	1522
51	11	1790
24	19	1791
64	32	232
33	1	219
1026	14	40
1638	4	454
872	11	144
33	17	1710
8	3	80
17	7	368
22	9	204
377	1	675
601	1	67
364	13	51
1019	5	33
579	9	53
117	10	1127
349	22	1792
950	1	11
1759	23	204
35	12	571
61	1	17
1793	13	33
79	10	1794
120	10	1675
281	36	1336
43	1	409
414	7	514
1480	1	11
1098	3	290
2	1	19
1365	1	219
317	1	11
209	17	98
79	11	312
159	1	19
462	3	7
338	11	283
98	11	1795
79	10	1796
33	17	1548
120	10	270
666	5	220
64	1	3
357	1	42
857	13	98
207	28	180
732	9	204
79	10	1797
120	10	105
79	10	1798
52	1	113
54	1	484
95	8	207
155	1	113
774	1	67
8	4	965
199	26	37
24	9	1729
100	33	265
33	17	1716
1456	1	113
8	4	889
302	1	19
79	10	66
1722	32	814
156	1	3
205	2	530
79	10	549
1799	35	452
79	10	231
79	10	247
74	3	1221
163	4	8
903	15	119
844	17	29
79	10	1800
1801	7	561
1008	13	51
79	10	1802
131	1	3
315	1	17
6	8	1803
476	1	85
209	1	484
79	10	1804
1402	34	183
873	11	33
325	30	79
1168	57	452
141	11	524
51	13	805
377	13	40
79	10	110
719	22	1805
1648	9	236
104	3	7
698	3	7
16	1	391
449	1	521
240	1	85
965	3	7
29	17	911
775	6	373
140	10	136
209	1	404
24	19	39
912	1	19
27	3	24
1509	13	51
24	9	103
221	4	143
79	10	1806
1413	1	11
79	10	46
209	1	991
525	13	51
576	1	113
207	28	1807
1198	23	204
24	9	437
50	36	464
1092	16	1305
932	15	76
154	13	153
8	4	776
1480	1	44
1404	9	21
207	28	871
462	1	113
74	3	7
1173	17	51
817	7	39
79	10	1652
207	29	881
472	22	1808
79	10	1809
27	1	11
470	1	87
1428	20	96
39	17	1625
134	1	11
8	4	133
157	10	167
120	10	603
24	9	280
24	9	443
652	13	119
136	13	153
120	10	663
24	9	1810
98	11	1811
151	1	19
877	5	33
169	8	207
311	10	79
24	9	687
1040	10	33
819	1	17
48	13	79
24	9	170
882	4	8
79	10	371
40	1	19
605	1	11
240	31	924
98	11	1812
1208	1	11
1274	9	1813
51	11	76
1581	11	177
831	11	110
51	17	534
98	11	234
98	11	631
79	10	1814
306	13	318
808	8	1815
2	3	321
1719	1	19
253	1	67
65	1	42
33	1	991
38	27	122
601	1	42
1169	3	7
240	8	1175
204	4	669
422	1	44
281	36	1816
131	1	44
1641	11	732
1817	13	51
50	16	551
98	11	595
156	3	80
1574	11	29
893	53	131
1214	10	33
120	10	69
35	12	130
124	1	42
207	28	573
88	20	89
88	1	42
543	6	15
831	30	233
20	17	837
98	11	402
470	1	19
869	13	107
100	1	1419
963	36	933
79	11	643
79	10	1818
761	9	205
24	9	104
929	1	11
875	30	560
1390	1	19
1819	11	33
540	3	7
616	1	11
24	9	848
98	11	302
24	19	1648
35	12	1127
319	3	24
106	17	51
423	1	521
169	4	1672
721	4	104
1779	13	524
947	30	30
24	9	1820
8	4	698
1821	17	51
1448	34	183
1316	13	177
24	9	1822
1255	55	953
79	10	460
666	11	79
120	10	1823
781	1	85
79	10	52
1824	13	51
539	7	144
132	4	8
893	1	42
224	3	80
247	17	51
1825	13	107
472	3	24
212	10	29
209	1	1278
62	62	79
865	13	172
1593	11	38
198	1	125
1415	13	51
951	1	85
825	4	8
24	9	1413
963	1	125
281	1	19
286	3	7
945	13	36
965	1	17
633	4	8
513	13	51
120	10	1674
207	29	545
24	9	480
1826	11	666
598	11	110
79	10	1827
21	3	7
536	1	113
79	10	716
690	3	80
24	9	211
74	3	24
1710	10	33
271	13	170
1502	11	152
1035	1	17
117	1	87
24	9	431
74	3	80
79	10	45
240	1	404
543	1	42
237	1	85
79	10	1669
636	1	11
79	10	1828
79	10	560
669	1	17
24	9	1829
826	3	7
79	10	1761
33	17	1819
1009	7	205
324	7	65
79	10	86
568	10	437
1352	1	17
1505	10	33
603	17	1737
54	14	40
56	11	39
1075	17	51
763	3	629
154	11	153
98	11	1374
678	1	521
24	9	147
24	9	455
51	17	247
576	18	1097
98	11	1830
21	3	684
1438	4	454
24	9	1831
349	3	290
660	1	11
972	5	196
409	17	51
6	1	1320
249	18	204
29	17	1578
529	23	204
79	10	1832
1359	4	8
1015	64	199
977	13	51
1189	8	207
1754	11	39
120	10	406
117	13	411
51	13	822
1480	1	42
2	1	991
24	9	1484
452	1	85
114	1	11
79	10	1470
131	1	409
279	13	79
559	29	169
1501	10	64
694	1	19
1045	1	17
79	10	583
1252	1	125
306	1	19
1277	1	42
339	17	578
917	1	44
24	19	1833
515	1	87
24	9	442
561	7	65
120	10	1790
98	11	1834
98	11	1835
79	10	1836
746	1	19
30	24	641
1193	1	44
888	8	1280
76	8	1766
98	11	1434
1120	3	663
24	9	1837
79	10	1830
1838	1	125
698	1	11
24	9	808
732	35	143
391	13	33
98	11	1373
315	1	11
848	3	24
1839	17	29
24	9	1389
140	6	503
1005	7	65
940	3	195
881	1	67
98	11	1840
119	17	79
79	10	590
8	4	894
491	17	1683
1581	7	177
98	11	1832
295	13	51
35	12	165
1231	13	79
124	31	1841
423	1	1226
422	1	19
37	26	1842
167	8	1626
294	13	549
917	1	219
349	3	80
319	1	125
639	8	207
543	13	119
694	1	521
1098	3	80
24	9	1843
24	9	1535
579	35	65
124	2	1788
100	33	1844
446	1	11
321	1	17
1429	3	191
68	1	85
56	7	39
24	9	1099
376	36	1845
176	9	1687
414	36	514
207	29	61
751	1	11
865	18	8
207	29	54
441	29	562
138	3	1385
1766	12	76
8	4	794
30	13	6
222	25	110
875	32	1053
24	9	950
1530	1	17
110	17	1191
342	6	1846
454	4	1359
1637	7	33
529	2	1156
60	1	11
265	1	19
494	1	42
190	1	42
1	3	290
282	1	17
120	10	579
26	1	19
91	10	74
312	7	110
65	1	87
79	10	1719
165	13	79
209	16	344
886	1	11
24	9	944
708	1	11
98	11	1010
881	1	11
0	26	1194
165	17	420
883	1	87
59	1	113
265	1	219
208	8	207
1380	13	144
321	33	498
1584	18	1486
236	1	85
571	8	1847
74	3	845
79	10	507
127	20	922
465	3	24
79	10	1848
446	1	511
1750	17	51
79	10	494
35	12	603
585	45	218
4	31	1224
24	9	1140
34	1	125
133	3	24
24	9	1849
1850	13	39
446	1	67
521	13	177
441	63	437
24	9	1851
8	4	1259
90	1	87
1480	1	87
654	13	107
4	2	909
16	1	19
412	7	185
507	1	19
317	1	113
1285	8	207
441	63	789
26	1	125
79	10	1852
169	20	96
51	17	1750
20	7	647
100	1	415
199	1	85
79	10	10
24	9	710
554	1	87
572	22	348
236	1	19
1502	18	6
678	55	1225
482	3	322
297	11	79
876	6	15
893	53	1020
579	17	709
1721	13	64
1395	1	1514
355	1	11
263	1	19
306	13	93
1146	11	732
133	1	11
815	23	204
443	3	7
236	34	183
1378	5	696
749	1	17
45	13	711
79	10	997
380	8	1853
459	1	113
1008	11	1040
462	3	143
120	10	1644
1717	33	386
167	19	360
694	3	7
98	11	1854
343	15	342
1307	13	51
79	10	1812
235	1	521
24	9	1855
79	10	208
1759	2	1598
1457	1	113
98	11	1856
24	19	1007
543	18	190
449	1	17
24	9	220
1293	13	51
8	4	1219
51	17	1817
628	3	80
207	28	407
79	10	1035
216	13	959
1857	10	205
190	1	19
76	13	1858
560	35	452
644	59	373
306	1	521
876	18	65
207	29	570
212	2	226
51	11	930
1627	10	7
438	1	17
35	16	1567
79	10	1859
1860	7	450
21	1	804
30	0	319
414	44	652
16	13	51
1043	17	112
1274	9	53
584	27	206
360	17	1437
24	9	663
20	7	822
165	9	65
339	14	40
209	14	507
348	11	79
8	4	1358
135	1	44
696	19	1229
24	9	114
917	1	17
1713	13	51
367	13	153
1358	3	7
55	17	54
454	4	929
1413	13	1289
1759	1	125
443	1	19
24	9	1116
152	9	205
1861	17	51
120	10	209
79	10	234
846	18	68
117	13	20
1037	15	177
270	1	42
267	3	7
414	1	11
299	6	1862
183	34	297
24	9	703
1422	7	177
422	1	17
156	3	24
1358	1	85
112	1	87
8	4	929
253	1	113
141	13	368
98	11	1442
100	1	42
254	3	7
865	10	425
24	9	414
423	1	509
1863	3	7
549	1	42
16	1	42
79	10	1864
13	19	368
1865	1	19
923	10	33
294	6	1866
141	13	33
1867	15	169
235	1	3
24	9	571
893	53	941
637	1	113
1188	13	165
100	1	173
886	3	1439
1618	13	560
336	5	33
2	3	684
1092	27	909
33	17	1161
24	19	196
190	20	1868
169	45	1672
79	10	1725
224	3	103
963	1	11
209	1	228
535	13	51
616	1	42
1437	13	360
33	17	1869
702	1	19
51	13	1061
64	17	1721
166	5	339
35	12	261
16	1	85
2	1	409
51	11	1796
35	12	304
24	9	1235
169	4	262
756	35	452
971	17	51
854	5	220
77	11	36
207	28	1168
374	3	24
619	1	19
155	1	42
1212	10	39
917	1	521
51	17	1713
51	17	1870
8	4	254
396	13	79
79	13	40
98	11	474
79	17	21
412	3	80
218	8	207
1871	17	51
414	8	207
421	1	67
617	1	87
209	1	87
893	34	183
1133	17	98
258	11	33
8	3	845
51	17	590
413	7	144
24	9	1872
1767	26	37
198	1	17
24	9	90
749	1	19
265	1	11
14	18	65
569	59	1873
1849	14	40
24	9	198
66	1	11
294	1	17
208	21	1156
35	12	844
360	35	143
422	1	85
1395	1	19
1103	7	33
79	10	659
24	9	1017
124	1	11
168	4	8
357	1	87
1253	13	51
24	9	115
215	11	110
316	17	390
427	13	220
363	1	85
1198	8	207
33	35	65
465	1	85
431	3	290
120	10	537
1215	13	357
1065	11	33
93	17	229
1378	6	15
156	1	521
1627	3	370
374	4	8
51	11	1480
1005	1	17
986	13	33
165	17	638
171	3	290
358	13	79
4	31	309
617	13	51
74	1	87
119	17	652
24	9	590
779	1	17
476	1	42
913	17	33
755	35	452
486	10	33
98	11	1481
33	17	1874
24	9	377
597	1	19
414	1	19
454	4	1438
281	1	44
8	4	1359
236	3	7
98	11	716
564	3	7
1419	7	29
35	12	76
709	18	65
1300	1	19
153	8	1210
909	34	124
24	9	1875
318	11	382
209	13	93
8	4	940
819	3	392
495	36	30
1277	1	19
8	4	882
374	3	1174
1274	9	1361
563	18	68
122	32	127
893	53	725
310	10	290
79	10	537
234	1	113
694	3	195
635	1	303
62	1	11
414	10	29
227	1	85
605	4	8
685	1	85
8	4	169
24	9	562
144	9	204
1876	53	64
1332	17	29
434	3	659
1395	1	42
533	1	67
887	13	424
65	1	125
88	1	11
116	1	19
636	1	219
1877	3	7
120	10	1831
1358	1	11
213	23	204
1878	14	40
79	10	1879
98	11	777
548	1	85
454	3	7
491	1	125
422	1	87
100	1	1320
774	10	779
1513	13	51
8	4	689
224	3	1880
398	7	177
1098	3	392
179	13	20
627	1	125
774	1	19
1575	13	51
892	1	113
854	13	220
24	9	433
29	20	1881
38	10	205
207	29	573
160	35	254
51	17	1871
98	11	491
1064	1	11
933	1	17
507	1	521
1316	7	177
414	45	124
171	3	370
407	8	207
24	9	1453
1168	30	572
1072	3	7
1734	13	560
207	28	1882
355	32	814
64	10	1770
209	1	1180
672	3	7
883	1	219
1105	11	64
281	1	219
414	1	675
1732	5	368
65	1	303
452	3	1132
1168	49	143
1783	8	1459
1612	3	7
24	9	1672
1252	1	113
36	10	65
254	1	19
209	7	1883
24	9	1709
33	17	1577
1783	66	75
27	3	7
1002	67	736
809	1	85
177	36	1585
24	19	1884
919	17	51
79	11	135
907	13	51
98	11	1668
33	17	182
234	1	42
24	9	401
100	1	1071
98	11	1421
216	10	959
128	1	42
539	13	524
1376	24	886
29	17	379
1308	6	15
208	21	847
624	7	127
218	1	42
1016	1	85
633	3	639
33	17	81
1759	1	67
144	17	539
627	34	205
64	1	219
627	1	87
24	9	754
1759	1	113
79	10	421
605	1	521
79	10	1025
205	1	667
209	1	3
468	3	24
776	1	11
1637	17	33
79	17	652
1333	1	11
6	1	461
120	10	832
24	9	172
54	1	1445
144	17	1380
170	3	24
647	1	19
150	3	7
120	10	633
1885	8	207
703	1	17
8	4	327
144	37	1886
1090	17	51
746	7	61
8	4	104
802	6	1887
51	11	129
79	10	452
699	17	130
51	17	1888
945	10	36
209	17	390
1289	1	42
100	1	125
24	9	209
98	11	1889
408	8	728
24	19	1673
24	9	78
117	7	411
333	9	205
750	1	113
236	1	219
21	14	40
205	1	113
666	8	1712
590	1	667
461	13	98
1104	10	33
1326	13	51
24	9	1890
86	1	521
51	11	1891
59	1	17
902	10	74
856	11	79
1892	30	79
216	7	217
24	9	1893
24	9	0
6	1	667
26	1	42
543	1	17
558	1	42
452	1	113
98	11	86
52	1	42
494	1	17
702	1	17
583	1	42
61	1	11
1343	24	1333
220	17	854
1143	1	67
169	25	269
76	13	1894
704	10	33
1562	10	1561
1512	8	207
33	17	1511
24	9	262
1365	1	19
719	3	7
297	1	87
100	1	461
22	17	328
773	13	51
958	13	51
154	7	153
299	24	22
10	3	24
24	9	1439
571	8	1895
547	1	17
1154	7	119
790	10	789
61	1	409
319	22	1149
610	1	11
796	1	17
412	1	42
1090	1	67
79	10	1896
35	12	579
972	10	64
607	3	24
24	9	134
883	1	11
401	1	19
24	9	549
240	1	44
586	48	30
79	10	1016
450	11	1424
282	1	125
360	9	204
54	1	3
127	17	400
79	10	557
623	3	264
62	54	135
66	1	85
614	24	261
33	17	1371
78	1	85
1109	13	51
231	1	17
252	1	17
735	5	136
35	12	590
24	9	86
24	9	208
9	22	348
551	15	351
18	1	67
551	16	35
414	45	4
201	1	87
79	10	1897
51	17	780
1641	13	39
64	10	205
165	9	53
209	1	85
328	13	39
920	11	110
24	9	1480
79	10	1133
51	11	442
208	21	530
37	26	1618
1452	35	452
1306	34	183
1649	18	236
1657	12	204
79	10	172
64	7	360
408	1	3
8	4	65
250	13	20
21	3	80
516	1	67
144	1	1514
33	19	1127
1053	32	901
1793	10	33
810	1	17
342	13	1440
98	11	1898
24	9	376
704	7	33
209	1	804
750	1	85
1260	13	51
100	1	484
24	9	1899
178	13	177
207	28	1900
301	1	44
207	28	1698
64	13	205
24	9	1283
207	29	5
177	17	1382
1833	10	74
100	33	1901
1314	13	33
666	14	40
275	1	11
309	1	17
120	10	1902
50	16	715
262	4	8
51	11	1310
1053	32	813
825	4	221
1181	10	29
1029	1	42
35	12	22
1553	10	33
779	1	11
1108	58	64
825	4	1484
39	17	1850
51	11	505
120	10	451
633	3	7
951	13	79
1151	22	1366
1283	3	191
21	1	42
1797	13	51
1192	3	7
1834	13	51
207	29	1747
84	5	428
1767	6	373
81	10	452
1358	1	17
24	9	1132
98	11	1364
297	1	113
183	34	627
1118	3	24
489	11	33
893	53	476
1124	3	133
131	23	143
33	17	1903
636	1	85
875	30	1904
198	8	1537
446	1	219
297	3	24
98	11	1905
29	14	40
292	7	33
315	1	113
4	31	241
1750	11	444
1203	10	33
1483	11	437
462	1	11
933	1	85
56	13	39
618	7	144
286	22	1906
1625	10	39
1762	68	75
1252	1	42
431	4	8
1857	55	1225
1208	4	8
1088	44	300
1125	34	104
79	10	1573
130	19	603
204	4	465
1086	10	65
1278	13	79
450	14	40
79	17	1263
24	9	229
1223	10	177
1829	22	348
482	1	11
917	1	42
207	28	1759
120	10	1576
6	8	1907
940	4	204
1598	8	207
24	9	520
875	30	1908
425	3	24
106	1	17
214	1	19
1359	4	454
455	1	409
24	9	1144
51	17	1603
1773	8	207
638	5	165
235	1	125
285	6	15
21	1	415
1309	17	177
1234	35	452
240	1	87
239	1	17
634	4	8
37	26	1734
937	13	51
98	11	1040
2	1	521
482	3	7
79	17	3
1560	17	51
24	9	1909
79	10	832
33	20	1704
1113	1	521
1536	6	15
156	13	79
468	4	8
533	45	1156
539	13	22
1623	33	274
1140	1	42
458	8	1634
327	1	113
51	17	535
520	4	8
136	19	874
156	3	191
81	13	1910
135	11	79
345	13	51
169	4	172
1381	13	51
33	17	1911
882	3	7
98	11	1794
281	1	85
412	1	19
454	4	1638
605	3	7
927	27	112
79	10	200
79	10	2
1759	1	17
35	12	378
729	1	219
1199	10	64
533	1	521
209	1	1912
289	7	365
2	1	85
635	1	19
570	8	207
51	17	1913
24	9	1914
120	10	938
151	13	759
24	9	1408
841	8	207
208	21	909
8	4	553
1281	11	732
51	11	1405
1089	4	8
304	17	1407
1884	35	65
479	62	143
425	1	113
1237	1	19
54	1	113
51	13	1249
1200	23	204
1660	13	51
570	1	67
24	9	151
450	11	1604
1915	11	33
138	4	8
216	17	1345
345	1	19
678	1	87
920	11	79
414	45	1156
561	17	1801
1419	13	29
454	4	584
371	6	1916
780	1	87
452	10	7
508	22	1366
1683	17	51
24	9	744
282	1	42
1144	3	24
61	1	42
669	3	133
24	9	524
98	11	1559
1045	4	104
175	1	85
951	1	11
24	19	1917
24	19	1776
122	32	144
474	1	67
16	1	804
33	17	801
757	10	368
616	1	67
40	1	87
37	26	775
3	13	22
79	10	251
212	2	1156
1881	28	29
182	10	368
1707	6	15
410	30	235
611	17	33
680	1	87
21	13	79
399	13	51
504	1	113
69	1	409
33	17	1918
24	9	1919
635	1	17
8	3	321
1565	10	177
18	7	633
572	3	467
136	10	205
491	1	11
524	17	523
1168	8	207
912	1	85
750	23	204
1252	18	8
628	3	24
281	36	1920
1518	35	135
636	1	67
414	1	219
33	17	1101
647	1	11
533	8	207
24	9	10
312	11	110
205	1	461
98	11	1470
572	1	125
1328	3	268
29	17	1332
561	1	19
1457	1	44
131	17	51
705	8	207
333	35	65
79	10	1495
1921	13	33
335	1	17
744	3	191
207	29	388
1657	54	249
584	3	7
79	10	272
1052	13	51
455	6	1232
100	1	1922
6	11	79
450	11	1408
703	1	113
310	3	290
207	29	1620
1285	34	1923
617	1	113
51	11	1924
79	10	21
64	7	780
1050	3	7
61	1	85
558	5	736
1072	4	8
373	59	1862
325	13	79
79	10	1624
209	11	365
824	5	33
539	13	79
98	11	295
205	1	521
1364	1	42
256	1	67
780	1	17
123	1	67
572	1	1925
775	1	87
1274	9	1926
1419	13	110
1534	13	79
1228	1	42
199	13	1015
229	10	1927
1471	11	48
51	17	1115
78	1	3
150	4	8
1500	1	17
407	1	521
1294	8	207
98	11	1365
147	14	40
79	10	695
33	17	943
379	13	29
64	6	1928
48	8	47
247	7	868
100	1	409
166	13	339
79	10	1929
399	1	409
1274	9	462
852	17	98
539	13	220
881	1	85
8	4	244
79	10	938
1118	1	85
781	1	42
79	10	1157
104	4	1612
209	33	895
40	1	85
24	9	597
29	6	15
282	1	11
21	1	404
1367	64	614
627	1	948
1101	11	127
207	29	815
207	51	500
744	4	8
120	10	1010
281	36	1293
79	10	1743
1618	26	37
453	4	8
809	13	51
562	32	1930
50	16	54
64	5	613
450	11	1931
79	10	1932
79	10	1933
823	1	87
207	29	301
8	4	785
1041	13	33
24	9	1344
912	27	206
23	29	22
33	17	1458
775	1	42
672	3	80
1016	1	113
21	13	1860
24	9	1877
84	1	42
1035	1	521
24	9	1934
543	6	569
24	9	365
1466	11	360
627	34	780
24	9	889
33	17	1921
33	17	1665
803	1	125
1869	5	33
1045	1	11
68	4	104
1140	18	703
666	13	79
1034	1	125
127	13	79
888	11	603
661	11	760
709	5	579
37	10	339
120	10	1935
79	10	1350
24	9	1444
169	4	940
185	1	87
30	1	19
566	3	7
1627	3	69
255	1	42
1088	44	1134
98	11	1600
1184	13	107
729	1	67
207	28	61
35	16	551
844	13	39
190	1	67
321	1	42
1375	17	51
64	26	888
583	1	19
79	10	1936
8	4	641
79	10	1937
1707	6	1244
131	1	85
1323	4	8
30	1	42
24	9	926
33	19	949
98	7	205
51	11	1664
1087	31	255
201	1	125
116	1	17
439	3	663
127	8	1291
100	1	521
844	1	11
98	11	1324
24	9	435
79	10	1403
144	13	380
188	1	113
474	1	44
421	1	87
1788	8	207
232	39	64
157	17	98
68	1	113
1938	35	452
156	1	19
222	13	20
51	11	209
170	22	1939
1626	42	565
446	1	300
125	13	33
1213	1	11
1106	29	119
603	17	79
462	3	204
1510	13	51
79	10	159
1359	1	11
1759	58	64
443	3	195
30	10	359
151	1	85
79	10	581
576	13	1097
661	1	19
79	10	1940
79	10	1941
1231	11	79
455	1	17
24	9	554
33	17	1264
1	3	392
1213	1	87
434	1	87
1213	1	67
427	11	220
1917	30	558
64	17	199
249	10	143
79	10	1608
883	1	85
24	19	1057
218	21	124
227	17	1398
634	10	7
215	1	85
207	29	1329
79	10	283
558	1	113
79	17	135
100	1	1139
207	29	359
695	24	689
51	17	1942
1497	13	603
367	7	368
379	13	919
412	3	24
965	3	24
1210	12	153
414	1	303
888	11	339
79	10	1287
304	1	11
633	1	11
1008	11	657
51	17	1596
434	4	8
30	1	1522
51	11	726
1776	9	452
263	1	85
414	1	991
188	1	42
8	4	589
1229	19	761
79	10	1646
1588	4	8
79	10	1943
423	1	44
185	1	85
11	13	79
324	10	204
216	21	1159
33	1	17
421	1	11
220	17	662
1332	5	368
660	1	17
35	12	1575
605	27	206
16	1	67
135	1	11
547	1	42
1279	11	153
281	36	1944
120	10	512
431	3	24
572	3	684
120	10	304
979	1	113
1401	8	207
209	1	1139
1759	1	87
51	11	355
25	1	42
1428	14	40
914	1	85
746	1	11
79	10	535
143	8	1945
302	1	87
1	8	207
579	14	40
205	1	173
554	7	60
79	10	1946
929	3	7
524	9	143
207	29	64
205	20	96
1657	62	1770
93	11	172
205	1	67
54	1	44
519	13	201
443	1	85
1031	10	74
249	10	158
120	10	1367
24	9	603
229	13	1927
376	32	831
1577	13	33
167	9	205
472	1	11
120	10	22
51	17	1183
79	17	1018
79	10	1947
51	11	1295
24	9	319
62	16	715
414	1	1278
29	16	585
35	12	594
127	8	1550
79	10	1834
434	3	7
43	1	1948
678	1	219
1654	29	376
426	3	80
205	1	409
177	25	696
1627	1	85
59	1	11
177	17	839
151	1	17
246	23	204
79	10	1949
221	3	845
537	13	20
452	1	1139
407	1	19
51	11	1048
548	1	11
136	19	428
244	3	133
127	8	604
51	11	100
1734	26	37
33	17	1950
169	8	1867
357	1	113
155	1	19
601	1	87
198	1	409
25	1	87
29	17	1184
24	9	1
79	10	1713
112	13	1043
350	13	33
597	3	195
288	23	143
16	1	404
1716	10	33
576	1	521
280	4	8
963	1	521
666	21	1159
207	29	95
125	13	22
8	4	1151
297	3	1357
646	16	1657
732	17	539
297	1	85
24	9	914
84	1	219
1289	1	11
169	4	1330
452	1	804
965	1	87
51	17	1824
119	35	204
1516	17	130
335	1	67
207	29	86
103	1	11
74	1	67
385	7	33
304	9	65
287	7	127
572	1	330
619	1	409
224	1	42
119	17	56
123	1	11
671	33	1179
758	13	711
8	4	926
177	17	98
1724	10	33
24	19	1951
450	11	1040
51	17	892
819	1	391
212	10	177
79	10	1891
207	29	909
135	1	113
508	3	7
25	8	207
706	11	36
51	7	399
24	9	516
24	19	1533
570	1	3
24	9	752
681	1	87
1491	7	177
8	4	1588
60	1	87
1675	6	373
24	9	497
153	37	14
1689	10	74
1189	14	40
919	11	205
21	1	17
605	3	24
1723	17	33
794	22	348
120	10	24
708	3	24
51	11	235
319	1	11
79	10	1557
79	11	249
2	1	125
1429	3	1174
234	1	11
24	9	190
216	11	153
64	6	373
51	17	1487
205	1	303
79	10	1952
212	10	205
904	6	1953
510	11	33
547	34	183
209	1	675
198	1	521
237	4	8
894	4	8
1759	1	42
64	13	1954
98	11	1390
51	17	1955
518	3	24
707	13	51
414	34	750
452	1	228
129	30	79
282	1	67
198	1	19
502	6	1112
79	10	1956
24	19	1799
79	10	94
920	11	444
24	9	1330
369	1	17
205	1	606
447	13	79
258	1	11
98	11	158
76	10	119
342	17	98
1838	13	51
1199	5	196
1252	1	19
1579	10	177
319	3	321
100	33	1957
70	3	7
59	1	42
79	10	211
18	6	1958
1788	23	204
79	10	1959
98	11	1510
570	1	17
1035	1	113
763	3	7
901	31	810
144	14	40
1570	13	33
1742	1	17
633	1	85
1677	8	207
51	17	998
371	10	1100
446	1	1134
124	31	255
104	1	409
698	10	7
35	12	360
547	1	125
190	3	80
209	1	415
335	1	19
170	3	269
365	19	33
877	1	85
24	19	110
682	16	54
1960	13	51
425	3	290
354	1	1400
423	1	391
904	6	1961
214	1	87
226	33	274
51	17	1962
255	1	113
231	1	11
16	1	228
318	17	151
1274	35	65
37	10	524
728	29	124
207	28	1788
411	21	122
8	4	660
24	9	57
123	1	19
1208	22	348
1627	3	7
51	13	243
1963	13	51
424	35	65
79	17	325
424	1	19
1702	13	165
349	3	684
1300	1	113
153	35	143
205	34	1964
1113	1	87
1457	1	11
79	10	1480
41	1	17
414	1	173
1277	1	85
877	17	33
897	8	207
207	29	1965
1498	8	207
37	11	204
100	1	1400
43	1	469
423	1	804
319	3	1221
120	10	1005
117	1	113
992	13	64
120	10	21
100	1	11
35	12	177
414	1	44
1750	11	79
780	1	113
64	17	855
1484	3	24
1509	11	177
100	1	1514
1860	13	450
51	11	1287
979	1	11
24	9	965
215	1	125
1606	13	51
1783	8	1762
43	10	297
24	9	1119
33	8	1966
450	1	67
234	1	391
79	10	1967
808	13	64
79	10	1790
1277	22	348
198	1	1400
472	3	7
1042	29	775
24	19	1274
750	1	42
450	11	33
29	36	1585
33	17	1104
51	17	1968
1771	8	207
877	18	672
124	1	87
79	10	1088
399	1	85
671	1	19
231	1	67
79	10	1969
306	1	113
1097	1	113
312	10	204
431	1	11
270	14	40
140	11	33
573	34	1970
224	3	639
40	1	11
883	1	17
156	1	113
554	13	60
79	10	1971
20	7	235
463	8	207
774	13	779
51	7	860
51	11	1662
33	17	1793
4	16	62
140	11	732
1361	34	627
1211	3	133
610	1	19
8	4	628
1297	11	33
249	5	220
81	6	373
24	19	1972
564	3	24
779	3	823
1365	1	44
698	3	24
1945	29	143
79	10	1856
100	1	1054
1118	3	7
929	4	8
79	10	358
747	17	29
450	11	1521
24	9	439
1	1	67
920	30	79
1567	16	193
880	13	51
1345	12	216
1683	17	54
817	1	11
701	11	195
100	33	1973
281	36	1974
794	3	24
51	17	1861
79	10	1811
595	23	204
207	28	815
24	9	1975
454	3	24
1168	49	452
79	10	147
64	32	562
377	6	15
365	35	65
98	11	531
1567	46	54
24	9	371
52	1	85
25	16	1976
1491	33	1160
33	17	1128
749	23	143
76	14	40
374	3	133
227	14	40
623	3	133
219	7	29
79	10	598
1977	8	207
297	1	125
607	3	7
120	10	360
1315	11	33
30	18	1323
20	7	1690
229	13	360
86	1	1419
205	1	11
284	13	177
582	13	51
37	11	437
35	12	613
423	1	675
1627	3	290
423	1	1071
803	1	113
993	13	51
207	28	1431
98	11	1878
421	1	42
1113	1	19
117	1	85
199	11	64
8	4	1116
504	3	7
100	32	814
610	1	113
79	10	356
408	1	228
112	1	44
875	30	188
1365	13	51
74	1	85
51	11	1026
1181	13	368
98	11	372
399	1	17
660	1	67
205	1	19
423	1	279
24	9	191
235	1	85
51	11	1580
294	6	1978
345	1	42
1045	3	7
37	11	360
39	35	65
562	32	1255
1566	13	51
676	7	561
464	7	316
1334	3	7
1274	9	205
491	1	484
33	17	1150
627	1	11
1101	6	872
24	9	1118
803	3	24
8	4	186
81	26	37
823	1	19
870	1	17
207	29	1977
10	1	17
37	10	144
566	3	1428
1289	1	87
172	34	183
460	1	17
587	5	1274
78	1	113
1190	7	33
116	1	87
33	17	1311
365	14	40
51	11	659
321	1	67
1979	17	51
1612	10	7
51	17	277
51	17	668
306	14	40
98	11	1052
376	16	1388
1267	6	15
35	12	874
124	1	67
1347	1	85
169	4	454
135	1	125
881	1	17
878	17	444
1651	17	51
8	4	690
549	22	1366
8	4	1330
779	3	24
539	1	11
380	9	205
65	1	113
207	29	321
1638	22	139
152	35	65
33	17	336
98	11	1959
79	10	156
100	13	93
959	17	216
1597	13	51
1285	17	51
1581	13	177
875	30	1980
8	4	482
758	11	205
1460	11	29
79	10	1979
883	1	67
431	1	19
24	9	700
801	17	33
131	17	1683
123	1	87
24	9	1981
79	10	1982
79	10	109
1229	9	65
24	9	629
52	1	67
1288	17	98
79	17	312
191	30	760
1330	3	7
1088	44	447
24	9	570
29	16	414
1696	11	1005
1983	11	39
718	10	127
1092	27	1655
9	3	629
637	6	15
8	4	472
905	10	732
270	1	19
76	13	1783
24	19	1632
1062	11	33
172	3	24
270	1	11
446	1	652
706	13	368
929	1	19
30	1	521
169	45	1984
79	10	1985
1986	11	33
79	10	1987
79	10	1988
79	10	1989
120	10	1990
51	17	1991
79	10	1992
24	9	1993
98	11	1994
79	10	1995
79	10	1996
24	9	1997
209	60	1998
383	69	502
79	10	1999
1127	37	2000
633	22	2001
254	8	2002
1966	70	1783
224	3	2003
808	13	2004
100	1	2005
84	6	2006
79	10	2007
796	22	2008
25	71	2009
566	22	2010
33	17	2011
2012	13	98
79	10	2013
771	72	112
25	60	2014
79	10	2015
24	9	2016
79	10	2017
1159	73	829
24	9	2018
33	17	2019
24	9	2020
207	28	2021
297	1	2022
666	1	2023
209	1	2024
651	60	2025
120	10	2026
24	9	2027
6	1	2028
100	1	2029
875	30	2030
209	1	2031
339	8	2032
79	10	2033
24	19	2034
281	36	2035
342	8	2036
554	18	2037
808	8	2038
6	1	2039
209	60	2040
2041	13	51
79	10	2042
229	13	2043
98	11	2044
2045	8	207
79	10	2046
79	10	2047
18	6	2048
24	9	2049
209	1	2050
79	10	2051
127	36	2052
842	74	474
79	10	2053
221	22	2054
1158	75	1159
79	10	2055
33	17	2056
209	60	2057
875	30	2058
79	10	2059
79	10	2060
124	31	2061
24	9	2062
100	1	2063
775	6	2064
79	10	2065
24	9	2066
79	10	2067
357	36	2068
79	10	2069
24	9	2070
229	13	2071
224	22	2072
100	1	2073
33	17	2074
209	1	2075
110	10	2076
209	31	2077
24	9	2078
875	30	2079
79	10	2080
24	9	2081
380	8	2082
193	36	2083
789	8	2084
24	9	2085
24	9	2086
33	17	2087
24	9	2088
24	9	2089
79	10	2090
24	9	2091
