0	29	1
2	8	3
4	6	5
6	43	7
8	8	9
10	65	11
12	65	13
14	8	15
16	65	17
18	16	19
20	61	21
22	56	23
24	65	25
26	65	27
28	72	29
30	65	31
32	65	33
34	65	35
19	36	36
37	65	38
39	16	19
40	43	41
19	36	42
43	48	44
45	65	46
47	30	48
49	17	50
51	40	52
53	16	19
54	8	55
26	65	21
56	65	57
58	65	59
60	1	61
20	61	62
19	36	63
64	65	65
66	65	67
68	5	69
70	13	71
40	8	72
73	16	23
74	65	16
75	65	76
47	30	77
78	32	79
80	65	1
81	15	31
82	27	83
40	43	84
10	8	85
86	65	59
51	34	87
19	36	88
89	29	90
91	65	92
93	34	94
47	30	95
54	65	96
66	65	97
98	43	99
21	65	13
100	65	101
102	8	103
104	36	105
106	13	2
107	15	108
109	59	110
79	40	111
49	1	112
113	65	76
114	65	1
89	29	115
116	16	117
67	65	118
119	65	120
121	36	122
123	43	124
102	65	125
126	65	56
113	40	10
104	36	127
128	8	129
130	29	90
131	30	132
133	66	134
47	30	135
136	51	93
137	73	138
139	65	140
67	65	141
67	65	142
143	65	144
25	65	24
145	65	139
10	65	146
115	36	147
12	65	100
148	15	149
108	66	150
151	16	152
153	65	154
155	17	156
157	48	158
159	64	160
161	32	67
162	58	44
163	16	19
164	45	93
165	17	166
167	65	59
137	73	168
169	10	170
171	36	172
59	66	173
174	65	45
40	43	175
154	65	65
176	8	177
178	1	179
180	1	181
182	29	183
184	8	185
92	65	46
145	65	186
13	66	187
51	40	188
74	65	144
189	48	190
191	33	192
193	11	194
195	8	196
197	65	24
154	65	198
199	1	179
19	36	200
201	65	126
47	30	202
47	30	203
20	61	204
111	65	33
47	30	205
206	1	179
207	40	51
208	1	209
23	36	210
176	40	51
144	65	211
212	65	213
47	30	214
215	40	51
216	8	217
218	45	93
219	8	220
221	65	113
222	7	223
137	73	224
225	65	154
104	29	226
30	8	227
228	65	229
230	66	231
47	30	232
7	43	233
114	65	234
47	30	235
164	17	236
237	15	238
239	39	44
47	30	240
241	65	242
38	65	21
47	30	243
244	65	245
246	65	247
248	58	249
27	65	21
250	66	251
252	11	2
253	65	254
59	65	255
256	6	257
258	41	93
259	65	154
260	13	261
262	17	156
263	65	264
17	65	21
225	8	265
266	65	16
234	40	198
267	65	96
268	65	229
269	65	25
234	65	198
47	30	270
242	65	271
146	65	272
273	17	274
275	11	2
276	21	277
278	29	279
93	45	280
281	65	111
282	29	283
19	36	284
33	65	1
285	65	286
245	65	287
288	36	289
46	65	92
50	17	290
291	75	23
292	13	293
294	8	295
296	68	297
242	65	12
146	65	298
299	6	300
79	65	301
69	17	302
303	7	304
137	73	305
306	28	307
308	13	309
310	65	79
311	8	312
313	17	69
93	34	218
314	65	315
316	8	317
47	30	318
319	10	2
129	29	320
66	65	59
321	59	322
49	1	179
115	36	323
324	17	325
326	43	327
65	65	145
328	15	204
174	65	32
329	8	330
331	8	332
98	43	43
146	65	279
158	32	157
333	13	334
335	8	336
337	11	338
27	65	339
13	65	340
256	10	341
342	8	343
45	65	92
137	73	344
139	65	97
345	40	51
104	33	346
347	29	348
40	43	349
335	65	126
104	36	350
60	1	351
67	65	139
335	65	266
37	65	65
13	65	12
104	36	352
58	65	353
23	73	354
47	30	355
264	16	356
271	65	241
357	48	358
216	16	359
360	6	361
59	65	66
253	65	362
315	8	363
364	1	179
20	61	365
23	36	366
204	65	362
137	73	150
27	65	59
40	43	239
367	29	2
368	15	113
40	43	369
370	65	65
263	65	288
371	65	66
372	17	373
59	65	65
47	30	374
20	61	375
376	29	377
47	30	378
379	16	115
23	73	380
10	66	381
382	43	7
339	65	59
37	65	383
146	65	75
384	65	25
385	16	19
386	1	179
387	65	362
294	65	10
388	2	389
390	7	391
392	58	44
111	65	393
394	16	395
91	65	396
397	17	398
294	65	114
19	36	399
400	58	44
266	65	287
401	65	66
142	65	10
287	66	402
213	65	139
403	36	290
281	65	216
2	17	404
405	1	179
307	55	406
75	65	216
65	25	407
45	65	408
154	65	409
398	17	410
20	61	65
47	30	411
47	30	412
403	36	413
137	73	414
415	29	146
13	65	416
47	30	417
137	73	418
419	17	420
234	65	75
34	65	271
421	29	76
310	65	422
260	8	0
47	30	423
111	65	80
424	1	351
425	8	343
45	65	54
426	65	65
75	65	427
67	65	144
256	13	428
429	13	309
104	36	430
269	65	431
241	65	432
131	30	433
7	43	434
30	65	435
436	45	93
40	43	437
438	29	115
184	20	439
357	48	440
47	30	441
442	16	19
74	65	59
14	65	1
153	8	278
20	61	443
444	65	46
445	13	40
119	65	54
142	65	195
216	65	401
337	11	446
447	7	304
448	15	142
254	65	253
66	65	21
40	43	449
450	13	451
27	65	139
452	65	195
453	7	454
93	45	455
456	29	457
47	30	458
213	65	459
460	65	461
462	17	463
464	65	46
65	65	353
116	16	465
27	65	401
137	73	466
180	1	467
468	65	102
469	13	69
47	30	470
40	43	471
472	1	61
40	43	473
55	29	474
47	30	475
476	6	477
65	65	26
478	43	98
79	65	452
65	65	375
125	8	479
104	16	480
57	66	481
74	65	67
288	65	482
390	36	483
47	30	484
485	40	51
115	16	486
487	8	488
489	7	490
491	55	492
174	65	493
494	36	260
495	29	10
23	36	496
92	65	497
113	65	294
189	34	498
195	65	401
144	65	499
285	65	500
337	11	501
40	43	502
195	65	142
503	11	504
457	45	93
505	16	19
506	40	311
507	39	44
337	30	508
54	65	12
216	8	509
80	40	510
87	65	511
195	65	153
178	55	492
512	1	61
137	73	513
372	17	514
515	11	44
516	16	19
362	65	253
171	73	231
144	65	141
19	36	393
216	65	195
137	73	517
40	43	518
216	65	111
519	29	158
32	66	520
195	21	23
26	65	97
452	65	521
79	65	221
10	65	294
98	43	522
40	8	523
51	40	524
525	71	526
153	65	79
47	30	527
528	8	529
47	11	530
108	16	19
531	61	310
532	65	533
451	17	534
535	7	536
47	30	537
101	65	538
47	30	539
540	29	165
47	30	541
266	8	542
411	5	69
543	65	111
146	65	544
47	30	249
74	65	17
545	29	325
546	16	122
547	33	20
21	65	548
549	65	266
51	34	460
357	30	550
154	8	22
551	8	552
372	17	553
47	30	554
131	30	156
10	65	272
104	29	555
556	8	557
19	36	53
431	65	245
538	65	46
279	65	10
558	16	152
310	65	315
559	17	372
560	16	19
495	41	93
219	17	561
562	17	372
113	65	1
482	65	204
482	65	167
563	70	452
47	30	564
383	65	79
565	65	26
47	30	566
57	65	56
511	65	377
567	34	93
137	73	568
569	29	468
225	65	14
20	61	570
166	13	165
154	65	315
14	65	401
364	13	571
551	65	335
426	65	67
572	33	573
574	55	492
575	70	576
260	8	347
142	65	279
13	65	46
66	65	339
1	8	577
167	66	578
579	43	7
328	75	171
580	65	581
16	65	253
311	65	582
548	65	387
47	30	583
131	30	584
153	65	221
497	65	100
171	73	585
10	8	586
587	13	293
588	7	223
154	65	142
487	8	129
589	65	139
115	16	438
10	65	153
590	10	591
137	73	592
593	13	293
288	65	17
23	36	594
563	7	595
596	43	98
315	65	234
597	72	249
76	65	310
598	16	19
75	65	401
599	30	600
219	8	601
45	65	119
372	17	602
47	30	603
285	65	604
20	61	141
337	11	605
606	43	149
607	52	446
131	30	608
609	7	219
19	36	610
509	70	216
46	65	174
611	39	2
271	65	242
19	36	612
47	30	308
613	55	492
263	65	387
47	30	614
38	65	204
615	29	616
40	43	617
213	8	618
40	43	619
40	43	620
621	55	492
543	65	279
622	13	170
268	65	623
76	65	624
174	8	625
47	30	626
580	8	627
628	7	156
629	29	142
630	65	589
394	16	116
10	65	401
631	59	632
91	65	633
97	65	66
246	65	1
16	65	197
126	65	634
47	30	635
8	65	452
452	65	216
636	6	637
638	13	639
20	61	640
641	16	19
20	61	263
47	30	642
263	65	38
47	30	643
264	65	213
180	1	644
333	6	645
113	65	281
23	73	646
76	8	421
47	30	647
67	65	648
19	36	649
102	65	207
221	65	146
19	36	650
79	65	10
263	65	213
651	65	144
47	30	652
32	65	34
459	65	230
653	39	44
654	7	655
37	65	59
19	36	656
23	2	657
114	65	111
383	65	10
45	65	633
24	66	658
487	34	93
204	65	145
140	65	67
659	11	364
324	8	488
387	65	371
469	13	398
462	43	660
310	65	279
534	17	219
47	30	661
171	73	662
51	40	663
664	1	179
336	68	665
666	8	667
668	43	98
669	15	51
14	65	146
670	11	156
400	39	44
74	65	167
153	65	310
19	36	671
394	33	346
362	65	21
47	30	605
49	1	672
673	16	19
49	1	674
131	30	675
19	36	676
19	36	677
44	6	678
204	65	140
679	6	680
280	8	681
37	65	111
67	65	254
171	73	682
683	15	309
565	65	140
59	65	204
242	65	245
684	13	69
522	43	98
216	65	142
685	24	337
47	30	686
468	8	687
19	36	688
337	11	689
141	65	144
47	11	690
59	65	140
589	65	38
23	8	691
54	65	408
23	30	692
225	65	146
23	73	693
694	10	2
40	11	695
696	27	83
19	36	697
698	16	19
268	65	176
699	58	44
272	65	452
47	30	700
701	13	490
104	36	702
158	8	703
47	11	534
123	48	2
114	65	154
40	43	704
92	65	666
218	34	93
114	8	705
706	58	44
707	1	61
708	70	16
709	10	2
710	16	19
9	29	281
47	30	711
482	65	67
712	16	19
75	65	279
40	43	713
594	34	78
462	17	714
171	73	715
633	65	13
230	65	459
92	65	538
431	65	716
23	8	717
462	17	666
403	36	718
314	8	719
27	65	67
40	43	720
721	13	164
722	28	115
401	65	21
531	61	242
463	65	100
595	8	332
47	30	723
724	27	23
497	30	725
264	65	21
146	40	272
726	72	727
310	65	76
728	65	287
337	11	333
729	1	179
730	1	61
264	65	97
47	30	731
396	65	91
115	16	732
733	10	2
734	43	735
571	17	40
197	65	736
47	30	737
246	65	383
13	65	271
57	65	468
180	1	738
739	65	266
263	65	74
740	34	93
741	65	311
742	65	197
422	65	197
67	65	65
19	36	505
743	16	19
111	65	281
96	65	271
51	45	744
47	30	68
184	1	745
746	17	372
164	55	747
748	55	747
120	65	749
12	65	444
310	65	24
750	65	311
38	65	67
751	7	639
47	30	752
753	16	104
754	6	755
383	65	1
357	48	756
37	65	589
47	30	757
19	36	758
759	58	44
639	17	638
207	65	487
760	72	761
762	16	116
20	61	763
47	30	764
765	16	395
331	8	766
387	65	565
115	36	767
123	58	249
19	36	698
551	65	384
768	13	164
21	65	26
104	16	769
730	1	179
26	65	211
51	34	744
49	1	770
623	65	125
269	66	771
101	65	91
299	17	451
67	65	772
54	65	119
116	16	773
26	65	339
47	30	774
324	8	775
59	65	37
210	16	23
34	65	32
65	65	426
742	65	776
47	30	777
211	65	21
778	8	779
335	65	24
268	65	780
15	68	781
198	65	142
79	65	782
204	65	213
357	48	783
241	65	34
784	65	785
216	65	786
158	1	179
142	65	153
401	65	10
787	1	788
12	65	45
333	6	789
790	21	791
78	32	594
211	65	213
92	65	792
653	58	44
47	30	793
531	61	408
130	29	115
794	10	2
795	72	796
19	36	641
47	30	797
34	65	714
636	24	337
116	16	798
272	65	113
57	65	11
372	17	799
74	65	651
800	7	398
242	65	801
465	54	256
78	32	111
294	65	113
26	65	254
113	66	802
14	65	75
803	8	804
805	13	806
47	30	807
403	36	808
630	65	59
242	65	633
809	16	810
482	65	17
811	65	27
812	17	813
679	13	381
74	65	814
815	16	19
816	37	817
86	65	589
818	13	170
280	21	277
131	30	614
216	65	247
154	65	272
339	65	213
204	65	16
819	65	820
821	20	104
822	65	30
67	65	565
40	33	346
589	65	253
47	30	823
824	16	19
825	7	223
104	16	826
7	69	827
398	17	397
1	65	234
828	17	829
19	36	830
153	65	216
60	1	831
832	70	12
670	13	156
137	73	833
47	11	423
543	65	266
834	66	726
835	10	158
246	65	234
19	36	836
47	30	837
838	56	23
113	65	221
131	30	839
59	65	97
840	13	40
427	65	315
403	36	841
67	32	842
357	30	843
357	48	844
845	15	750
246	65	272
846	8	847
12	65	32
462	17	848
67	65	74
76	65	383
119	65	174
174	65	100
849	7	223
531	61	335
131	30	530
40	43	850
40	16	851
852	45	93
47	30	853
19	36	854
299	8	855
47	30	856
142	66	297
47	11	857
104	36	826
279	8	278
131	30	205
45	65	91
633	65	493
40	43	858
859	43	860
91	65	46
93	34	861
230	65	213
31	65	285
459	65	353
278	29	260
253	65	482
40	43	862
76	65	314
19	36	863
864	15	457
427	65	79
19	36	865
131	11	866
19	36	867
401	65	272
471	58	44
91	65	35
189	31	868
869	43	98
548	65	74
145	66	870
538	65	581
604	65	111
871	65	259
482	65	139
872	13	873
47	30	874
26	65	213
875	1	876
80	65	207
877	58	44
213	65	878
46	65	538
101	65	174
773	16	116
131	30	879
880	65	604
98	43	881
10	65	225
234	65	624
333	8	882
131	30	412
883	65	67
432	17	462
884	29	146
40	17	571
885	16	104
40	16	810
497	8	886
120	65	538
887	16	104
19	36	888
666	65	889
337	11	249
314	65	113
40	43	890
493	65	54
19	36	891
892	15	595
633	65	34
167	65	482
893	32	37
8	40	216
65	65	264
265	56	23
894	15	51
34	65	416
279	65	452
895	8	896
75	65	10
19	36	897
216	65	272
260	33	20
337	11	898
420	17	899
140	65	17
900	65	111
139	65	213
54	65	46
901	29	595
47	30	902
40	33	531
485	65	18
604	16	19
574	48	44
13	65	633
219	8	296
234	40	225
213	65	811
903	13	451
131	30	536
47	11	904
20	61	905
102	8	906
225	65	452
510	65	18
141	65	263
452	65	281
403	36	907
908	55	492
909	70	910
90	55	492
40	43	911
37	65	204
45	65	101
47	30	912
91	65	444
157	58	44
180	1	913
131	30	805
714	65	914
101	65	54
915	13	274
581	65	286
47	30	916
143	65	213
372	17	447
65	65	21
310	65	154
917	7	918
111	65	27
919	29	31
40	43	43
40	43	920
20	61	34
921	13	386
922	27	83
21	65	65
421	29	75
32	65	16
372	17	923
195	65	111
79	65	225
264	65	59
225	65	1
310	65	146
14	65	221
146	65	264
702	7	859
924	39	2
139	65	255
335	65	889
264	65	204
925	13	926
555	1	179
927	48	44
452	65	315
19	36	928
19	36	929
532	65	623
102	8	367
404	17	2
242	65	241
7	48	827
930	1	931
460	8	932
933	45	93
23	73	297
16	65	21
40	43	934
935	29	91
21	65	213
56	65	776
288	16	936
13	65	937
115	36	938
551	65	126
939	53	940
100	65	538
364	10	256
47	30	609
40	17	941
531	61	538
337	30	942
40	43	943
93	45	803
23	73	944
115	36	945
946	65	100
947	54	256
452	8	766
948	16	19
949	68	950
951	40	51
511	65	285
184	8	439
7	43	382
448	15	952
387	65	26
331	8	629
146	32	953
893	8	22
633	65	801
40	43	954
23	36	724
79	65	955
216	65	153
66	66	956
957	16	116
958	1	209
959	65	310
768	13	639
960	15	288
961	6	962
963	7	223
964	33	346
30	8	965
79	8	691
104	16	885
51	45	966
559	7	304
221	65	76
967	16	104
269	65	624
968	70	32
12	65	396
13	65	792
115	36	969
91	65	242
970	43	971
538	65	497
119	65	46
972	33	20
595	8	415
271	65	46
973	48	44
47	30	508
91	65	59
167	65	548
171	73	974
40	17	840
75	65	246
93	34	846
67	65	234
10	40	111
14	65	111
184	8	975
288	65	204
146	65	1
976	5	816
353	65	339
153	65	14
97	65	27
32	65	271
959	21	277
543	65	79
146	65	26
174	8	72
241	65	100
104	36	60
47	30	977
47	11	978
19	36	979
482	65	589
980	15	165
119	65	92
20	61	167
981	27	325
617	48	44
75	66	982
47	30	983
2	10	337
131	30	984
448	15	893
985	7	304
40	43	986
93	34	987
49	1	61
137	73	988
13	65	989
47	11	614
98	43	349
379	21	791
47	30	990
20	61	245
44	8	991
992	16	19
993	29	191
994	12	249
995	65	889
25	65	996
398	17	308
137	73	997
124	43	7
310	65	114
17	65	589
998	29	377
2	17	709
999	13	40
20	61	74
914	65	100
213	65	62
241	65	13
1000	68	1001
821	36	1002
144	65	264
384	65	422
889	65	666
288	65	16
180	1	674
80	65	310
40	43	1003
408	16	1004
47	11	1005
1006	8	1007
32	65	126
47	30	1008
131	30	1009
115	36	1010
1011	43	98
17	65	62
264	65	67
47	30	921
93	34	1012
422	65	56
32	65	666
19	7	277
1013	70	62
91	65	538
315	65	154
495	56	23
452	65	113
142	65	154
139	65	230
772	65	65
553	7	304
431	65	269
115	16	130
40	43	1014
460	65	871
1015	16	116
197	65	67
74	8	1016
337	11	1017
76	65	225
14	65	310
538	65	100
47	30	1018
45	65	792
415	29	260
457	8	1019
137	73	1020
91	65	1021
1022	29	616
473	58	44
1023	56	1024
253	65	67
279	65	401
256	10	1025
871	65	460
221	65	247
183	34	985
47	11	325
1026	7	1027
93	45	1028
19	36	948
889	65	739
47	30	1029
96	65	54
1030	65	67
337	11	1031
115	36	1032
398	20	1033
51	40	1034
1035	27	23
65	65	213
47	30	1036
98	43	668
387	65	65
1037	7	277
75	65	234
401	65	113
47	30	1038
1039	13	1040
256	13	873
561	17	219
1041	16	19
288	36	1042
1043	13	69
139	65	387
47	30	1044
125	65	18
47	30	1045
474	5	1046
23	73	1047
565	65	65
20	61	101
59	65	482
47	11	1048
606	43	1049
13	65	101
10	16	291
93	45	457
538	65	54
47	30	1050
23	73	1051
195	65	1
46	65	54
398	17	1052
431	21	23
1053	59	1054
1055	16	19
47	30	1056
97	16	19
1057	16	19
1058	8	1059
234	65	401
577	29	1
1060	29	1061
198	65	76
20	61	401
256	6	678
19	36	1062
59	65	370
234	65	1
111	65	1063
1064	17	219
116	16	1065
204	65	482
16	8	1066
119	65	271
20	61	1067
266	65	431
93	34	398
19	36	1068
1069	27	171
860	43	1070
47	30	1071
1072	48	44
34	65	242
1022	56	23
482	65	370
74	65	146
113	65	10
272	65	279
1073	16	116
142	65	65
826	28	1074
92	65	271
47	30	313
883	65	371
271	65	100
994	29	462
19	36	1075
1076	17	116
401	65	371
104	36	606
145	65	65
1077	1	876
996	65	551
213	66	1078
20	61	995
1079	15	40
1080	11	2
140	65	65
357	55	1081
116	16	558
792	65	120
1082	17	121
1083	68	870
40	1	1084
1085	29	115
20	61	120
10	65	1
863	16	19
207	65	80
1086	68	693
178	39	2
1087	65	67
45	65	34
18	65	951
146	65	154
549	65	16
1088	10	2
1089	15	1090
1091	48	44
79	65	401
47	30	1092
44	24	337
47	11	1093
131	30	1094
451	17	1095
47	30	1096
234	66	771
531	61	1097
538	65	633
47	30	1098
104	28	1099
216	65	314
666	65	1100
25	8	1101
213	16	1102
92	65	13
40	43	579
144	65	143
3	29	2
519	70	113
234	65	14
158	6	631
146	65	1063
431	65	310
40	43	791
54	65	101
51	40	1103
487	66	1104
1105	11	474
20	61	255
410	5	69
1061	65	468
34	65	46
580	8	1106
565	65	27
212	65	263
6	43	579
1107	16	19
1108	58	44
19	36	1109
21	40	145
59	65	26
14	65	142
47	30	1110
357	48	1111
811	65	353
775	29	1112
1113	1	179
76	65	195
18	65	11
47	30	1114
47	30	1115
47	30	628
40	43	1116
197	8	1117
834	32	809
431	65	24
21	65	630
1118	13	451
185	7	1119
40	43	1120
576	8	575
195	8	1121
482	65	213
99	43	98
1122	8	1123
111	65	154
213	65	97
604	65	33
72	70	242
452	65	154
521	65	146
285	65	31
1124	16	116
102	65	951
1125	70	120
462	17	133
92	65	174
93	34	1126
19	36	1127
104	36	1128
780	65	87
1038	13	1129
1130	48	44
452	8	563
1131	16	19
288	36	1132
1133	65	216
137	73	1134
565	65	213
390	13	391
565	65	21
19	36	1135
576	8	1136
387	65	651
371	65	67
531	61	416
1137	48	636
1112	45	51
40	43	735
14	65	76
59	65	401
216	65	246
20	61	543
1138	16	19
880	65	111
126	65	1139
741	8	1140
1141	65	10
2	20	1142
115	16	1143
93	34	1144
422	65	16
565	65	67
47	30	1145
47	30	1146
32	65	464
401	65	75
131	30	1147
314	65	543
1148	29	633
93	17	1149
1150	17	372
180	1	1151
40	43	1152
104	29	547
20	61	1153
372	17	915
1154	58	2
1155	17	121
47	30	1156
337	11	1157
51	40	125
883	65	139
444	65	91
76	8	705
7	43	178
1158	16	19
171	73	28
734	43	606
1159	17	372
780	65	33
37	65	26
343	29	780
146	65	221
171	73	1160
76	65	146
549	65	24
113	65	952
30	65	533
47	30	1161
371	65	401
42	16	19
1162	42	573
144	65	66
19	36	1163
31	8	1164
19	36	1165
172	33	20
47	30	1166
19	36	1167
403	36	1168
47	30	1169
510	65	487
14	65	452
249	1	1170
482	36	1171
19	36	1172
1173	68	771
20	61	339
170	17	622
54	65	242
47	30	1174
487	45	403
137	73	1175
32	65	432
12	65	54
422	65	25
20	61	92
57	65	176
362	65	59
76	65	1
79	65	195
872	7	454
7	43	124
102	65	377
34	65	493
17	65	204
1176	7	1027
2	26	1177
47	30	1178
1179	16	19
2	1	876
1180	1	876
264	36	1181
40	43	660
362	66	1182
1183	70	1
952	65	1
452	65	225
1105	72	1184
56	65	16
16	65	772
462	43	349
16	65	521
40	43	1049
10	65	142
487	8	1185
464	65	666
1	65	142
1186	36	1187
225	65	79
171	36	78
464	65	120
24	65	266
266	65	245
37	65	14
0	29	260
464	65	54
589	65	59
19	36	780
1188	15	1058
154	65	1063
362	65	387
140	65	38
1189	32	1190
47	30	1191
1192	10	1193
436	8	981
131	30	1194
422	65	431
130	29	924
111	65	301
40	17	1195
225	65	221
20	61	431
137	73	1196
21	65	401
394	27	83
335	65	197
23	36	1197
131	30	1192
213	65	27
337	30	1198
66	65	74
1142	29	2
104	29	734
462	17	432
13	65	34
1199	33	20
1013	29	62
666	65	493
714	17	462
216	8	569
1137	48	44
287	65	245
67	65	16
47	30	1200
548	66	1001
50	17	1113
403	36	424
37	65	79
19	36	1201
47	30	1202
93	45	1203
213	65	67
1000	75	23
468	65	1061
1204	8	1205
799	1	179
461	65	215
1206	16	19
65	65	64
1207	59	1208
1209	13	320
382	58	44
21	65	38
551	65	56
221	66	1001
19	36	712
27	65	811
1210	11	44
234	65	195
281	8	1211
752	5	1006
111	65	79
1212	13	69
487	40	51
115	36	1213
10	65	195
47	30	1214
24	65	197
47	30	1215
153	65	146
92	65	101
91	8	935
1216	13	69
832	15	408
668	39	2
326	43	471
245	65	241
482	66	1217
933	30	1218
27	65	482
326	43	178
952	8	448
131	30	1219
1	8	1220
420	17	1221
504	5	1222
1197	16	23
12	65	91
40	13	1223
47	30	1224
149	43	734
19	36	1225
47	30	1226
265	70	14
2	32	483
241	65	46
651	65	74
1227	33	20
225	65	272
21	65	139
17	65	362
47	30	1228
26	65	834
1229	7	165
1230	1	61
213	65	482
74	65	254
60	1	674
1139	65	126
600	1	112
146	65	65
1231	48	44
314	32	893
24	65	422
589	65	565
79	65	310
47	30	1232
444	65	34
139	65	264
23	16	1233
59	65	67
255	65	65
528	65	311
314	65	272
1234	15	83
40	43	1235
14	65	153
6	48	1236
310	65	197
247	8	884
174	66	1237
139	65	59
510	65	80
20	61	230
1238	45	93
889	65	266
1239	2	1240
595	30	1241
1204	65	13
818	5	170
74	65	565
1242	59	1243
8	65	146
189	17	1244
259	65	195
1245	45	93
182	29	1246
104	13	1247
34	65	801
1248	16	19
115	36	1249
47	30	1250
66	65	139
432	65	34
47	30	1251
49	1	351
422	65	24
851	7	40
1082	13	420
184	17	372
254	65	204
47	30	1252
146	65	144
40	20	1253
101	1	179
47	30	469
171	73	1001
266	65	335
1254	1	876
59	8	1255
548	65	67
964	30	1256
887	33	346
131	30	1257
174	65	633
569	29	216
724	16	23
895	8	1258
383	65	37
10	65	234
67	65	548
47	30	1259
1260	48	44
51	40	910
79	65	1261
221	65	315
104	16	1262
1058	11	2
1263	16	19
1264	52	1265
195	65	315
1266	40	1267
20	61	651
822	65	87
149	39	2
889	65	32
47	11	1268
170	21	277
422	65	384
35	65	91
115	36	1269
1270	16	19
1271	34	189
47	30	1272
2	17	319
372	17	1273
254	65	26
784	40	51
34	65	1100
37	65	431
947	15	51
1274	29	1275
249	26	1276
469	5	69
65	65	139
142	8	629
13	65	538
47	30	1277
298	65	111
221	65	452
337	11	260
1278	59	1279
1280	39	2
311	16	19
935	68	1281
394	15	51
47	30	1282
401	65	234
285	65	11
1283	65	67
93	34	1284
6	39	2
1285	33	20
171	73	1217
126	65	889
20	61	666
123	39	249
398	17	1286
310	65	335
461	40	51
878	65	66
459	65	67
38	65	263
54	65	91
952	65	111
953	7	23
204	65	401
16	65	139
693	72	1287
67	32	1288
93	34	1289
216	8	1290
137	73	1291
531	61	250
1292	8	1293
20	61	59
1294	13	420
171	73	1295
40	7	655
182	29	18
146	32	594
40	43	1296
141	65	65
272	65	221
1297	45	93
1	65	314
201	65	24
40	43	491
497	65	432
104	28	1298
1299	8	182
19	36	1300
667	70	666
47	30	1301
23	2	1302
40	43	1303
19	36	1304
1305	1	876
140	65	74
454	17	453
34	65	13
633	65	101
357	48	1306
160	24	337
531	61	914
19	36	710
1307	13	69
92	65	245
784	66	1308
167	65	21
387	65	146
531	61	551
357	48	1309
247	65	146
287	65	742
1039	7	1040
1310	39	44
343	29	14
1061	8	1060
403	30	1311
287	65	543
345	65	511
51	40	1312
494	73	1313
104	36	1314
1315	75	171
180	1	1316
314	65	279
51	40	1317
490	21	277
408	65	34
213	65	66
1318	27	171
131	30	1230
242	65	34
266	65	995
154	65	259
115	21	1319
25	65	126
1320	28	1099
20	61	459
26	65	459
27	65	651
102	8	1321
825	7	985
104	36	1322
1323	8	1324
47	11	1325
995	65	551
1326	66	1327
1328	29	401
154	65	37
1329	58	44
986	43	98
1330	7	639
288	65	263
7	43	162
1331	34	51
595	30	256
741	65	11
1332	10	2
92	65	54
47	30	1333
408	65	92
548	65	589
40	43	1334
459	65	213
184	33	346
709	6	1053
104	36	753
808	34	49
78	8	1335
165	8	980
1014	58	44
1336	54	256
40	43	1337
1338	68	1339
96	65	408
510	65	532
1340	40	51
898	6	1341
20	61	118
195	65	113
1342	13	69
113	65	310
651	65	482
405	7	223
20	61	271
47	30	1343
308	13	451
67	65	339
482	65	21
733	13	2
314	65	195
494	73	187
19	36	1344
93	34	1345
242	8	72
401	65	216
1346	1	179
1189	7	23
599	36	1321
137	73	1347
750	8	845
47	30	1348
197	65	551
122	33	573
204	65	17
408	65	174
47	30	1349
104	36	1271
247	65	221
255	65	565
254	65	139
171	73	1350
47	30	1351
897	16	19
186	65	145
1352	10	2
315	65	543
615	29	154
551	65	24
288	65	255
47	30	1353
74	65	288
809	33	20
66	65	144
71	64	70
47	30	1354
1355	1	876
1356	27	325
113	65	452
396	65	242
1357	40	51
20	61	1358
16	65	74
420	17	1359
1360	1	209
21	65	370
144	65	186
1361	13	219
74	65	401
116	16	765
311	65	18
241	65	101
827	32	1362
47	30	504
630	66	771
1176	70	268
40	43	1363
21	65	288
759	39	44
47	30	1364
40	43	1072
1365	29	1199
846	45	93
1366	16	19
1367	29	234
471	39	44
543	65	250
1085	15	90
1112	27	1368
256	6	1369
30	65	33
451	17	829
66	65	230
434	43	6
372	17	1370
92	65	937
1300	16	19
69	17	1371
401	65	247
75	65	1372
1373	72	1287
111	65	216
1374	7	219
932	29	460
13	65	464
19	36	1375
7	48	2
47	30	1376
482	65	26
47	30	1377
552	70	551
27	65	66
23	73	760
531	61	241
408	8	832
11	65	741
93	34	1058
1097	65	266
383	65	198
510	65	30
306	16	483
253	65	589
113	65	786
248	1	179
254	65	263
56	65	551
878	65	27
18	65	125
6	43	1329
40	43	1378
421	15	23
59	65	145
25	65	16
87	34	51
10	65	80
47	30	1352
494	73	1379
91	66	1281
621	48	44
463	65	34
47	30	1380
47	30	690
199	34	49
23	16	955
60	1	1381
612	16	19
1382	17	451
630	65	67
808	34	1383
1384	15	66
47	30	1385
19	36	1386
93	34	1387
51	40	1388
137	73	1389
249	26	1390
183	30	1391
67	65	255
51	40	1392
468	8	1393
339	65	353
21	65	16
666	65	12
20	61	254
137	73	1394
279	65	234
357	30	1395
889	65	250
1396	15	371
946	21	23
401	65	27
1221	17	420
126	65	201
1397	16	19
211	65	59
430	28	226
65	65	97
19	36	163
531	61	634
1398	70	780
19	36	1399
160	6	1400
137	73	1401
459	65	339
1209	13	451
353	65	811
1005	11	2
804	7	1402
225	65	301
38	65	59
76	65	198
1403	13	451
242	65	946
959	8	1404
766	29	142
65	65	146
229	16	19
487	8	1405
221	65	75
531	61	32
253	65	371
1113	1	876
184	20	1406
964	30	1390
335	65	16
174	65	1100
21	65	140
765	16	116
933	34	93
408	66	1407
14	66	781
2	17	1332
62	21	23
862	43	7
354	72	1408
20	61	79
19	36	1409
1410	16	19
45	65	666
264	65	141
75	65	247
593	13	69
8	65	1372
21	65	167
19	36	1411
162	48	2
372	17	184
40	43	1412
51	40	1413
272	65	281
1361	7	1414
137	73	1415
67	65	37
253	65	59
1416	58	44
253	65	167
19	36	1417
100	65	946
93	34	457
19	36	1418
13	65	1204
146	65	230
79	65	234
1337	55	492
92	65	848
137	73	1419
20	61	119
1420	13	1421
104	36	1422
462	43	123
47	30	1423
422	65	310
19	36	39
20	61	57
144	65	353
605	10	1424
12	65	1021
131	30	1425
47	30	857
216	65	383
66	65	204
104	7	821
51	40	1426
403	36	1427
247	65	75
285	65	576
1428	33	20
145	65	387
468	65	311
263	65	167
383	65	113
1429	13	170
799	17	372
357	48	1430
242	65	35
2	8	1431
25	65	549
18	65	880
1432	43	6
40	43	99
171	36	1433
543	65	57
594	27	23
92	65	119
1434	11	679
279	65	383
271	65	92
298	65	225
18	65	468
104	29	1435
353	65	459
896	15	895
104	36	1436
924	48	44
19	36	1437
161	16	1438
146	65	79
637	59	1439
120	65	45
775	70	1112
23	16	1189
639	8	993
55	70	100
623	21	277
34	65	174
137	73	1440
47	30	1441
19	36	1442
131	30	1259
146	65	10
47	30	1443
424	1	179
102	65	11
91	65	96
13	65	242
131	30	1444
59	65	17
1109	16	19
1445	16	19
14	65	113
349	55	492
1230	1	179
1446	29	436
242	65	174
578	72	1447
40	43	1448
955	66	795
951	65	487
102	8	1142
14	65	79
265	68	781
1449	16	1450
2	17	1451
579	55	492
461	65	108
221	65	272
387	16	1384
21	65	66
880	65	285
966	16	19
548	65	21
534	10	1452
47	30	1184
169	13	170
462	43	1453
534	17	451
242	65	432
114	65	315
1454	7	164
47	30	1455
264	65	387
452	65	75
1456	7	219
334	10	333
543	65	431
595	30	1457
383	65	195
195	8	1458
34	66	597
528	40	51
47	30	1459
162	55	492
1460	8	1461
91	65	497
49	1	913
24	65	889
195	65	14
18	65	824
1462	11	2
396	65	271
146	65	62
131	30	1463
531	61	126
47	11	1464
254	65	59
101	65	13
371	65	37
468	65	57
131	30	1465
279	65	146
1466	70	820
762	16	1467
59	65	86
459	65	139
372	17	303
234	65	67
65	65	401
403	30	1468
67	65	630
76	65	294
126	65	16
44	6	1469
137	73	1470
44	1	1471
893	32	146
685	1	1472
680	59	1473
1474	16	19
1072	55	492
664	17	50
20	61	814
531	61	396
131	30	793
102	8	1475
538	65	120
1476	52	1265
493	65	174
142	65	272
27	65	1477
794	13	2
104	36	1478
889	65	269
734	16	1479
383	65	114
2	13	184
778	1	179
23	73	381
580	65	1386
1480	43	1481
669	41	93
19	36	1482
47	30	1483
47	30	1484
279	65	281
1485	66	520
98	43	1486
1143	29	115
51	40	1487
19	32	165
221	65	153
468	8	1274
1488	10	158
44	20	1033
1489	16	19
115	36	1490
1491	45	93
951	65	102
57	65	245
54	65	464
219	17	1492
47	30	1493
213	65	212
77	11	156
1494	65	1495
1496	8	1497
487	65	125
1286	13	398
47	30	1498
47	30	1499
153	65	142
96	65	119
487	65	951
326	43	6
263	65	589
246	65	142
18	21	277
137	73	1500
246	8	1501
111	65	34
171	36	1502
19	36	1503
19	36	1504
164	8	1505
47	30	1506
272	65	234
170	8	1507
19	36	97
40	16	1508
497	65	12
46	65	45
34	65	946
211	65	26
2	32	1154
137	73	1509
263	65	140
748	17	917
459	65	97
946	8	295
141	65	387
1510	4	1511
543	21	494
437	39	44
337	30	1512
213	16	1513
47	30	1514
751	13	639
23	73	1515
197	65	742
314	65	301
20	61	174
137	73	1516
953	16	23
707	13	1517
1021	65	119
372	17	199
1518	29	1519
146	34	893
215	65	1520
1	65	216
263	65	362
146	8	892
796	6	1278
20	61	140
47	30	1521
111	65	1522
116	16	546
377	8	1523
266	65	310
234	40	146
131	30	1524
279	65	75
766	15	40
1409	8	1525
271	65	12
47	30	1526
362	65	834
54	65	92
47	30	1527
219	17	812
73	7	23
266	65	197
67	65	482
403	36	405
19	36	1366
189	36	1002
137	73	1528
20	61	482
119	65	408
314	65	234
556	40	51
7	36	382
13	65	1529
1022	15	154
580	65	499
98	43	491
75	65	952
531	61	57
65	65	211
40	17	1530
830	66	138
113	65	14
13	65	92
256	6	1531
337	11	1532
47	30	1533
126	66	1534
34	65	96
10	65	298
120	65	245
403	36	303
272	8	1535
585	72	761
40	43	1536
219	17	1537
213	65	371
1538	16	19
204	66	1539
1540	11	504
241	65	946
221	65	281
766	15	595
47	30	1457
1541	65	780
44	8	523
66	65	264
1542	1	61
59	20	1255
65	65	254
98	43	943
1173	29	234
49	1	1381
146	65	74
47	30	1543
183	34	424
245	65	32
40	43	1544
47	30	1545
396	66	1546
1547	27	591
47	30	1548
131	11	1549
126	8	1550
34	65	241
44	10	1265
21	65	253
1551	59	1439
262	11	156
122	33	346
958	1	788
247	65	111
1303	69	2
47	30	1552
637	59	1553
47	30	1554
403	36	559
23	73	1555
180	1	1556
126	65	1557
153	8	330
91	65	101
111	65	10
12	65	792
302	13	293
23	16	246
30	66	950
40	43	869
40	43	400
142	8	1558
394	28	1061
1559	56	494
586	70	10
825	7	304
131	30	1560
1416	48	44
1561	17	420
115	16	1213
216	65	146
104	36	185
16	65	263
849	7	304
111	8	330
19	36	1562
839	13	1129
1563	29	1340
79	65	786
801	65	241
333	8	1564
1565	17	372
495	29	1460
780	65	1541
174	65	34
531	61	16
452	65	247
925	5	926
156	17	670
19	36	1566
66	65	26
1567	34	93
401	65	221
47	30	1568
137	73	1569
101	65	46
154	65	1
241	65	1529
451	17	1570
1571	51	93
1153	65	65
1176	29	170
6	48	827
204	65	37
310	65	314
595	8	845
40	13	1572
666	65	792
72	29	464
875	7	454
144	65	67
834	65	204
765	54	256
204	65	772
19	36	1573
19	36	1574
271	65	432
79	65	153
288	65	387
314	65	401
232	13	69
339	65	26
639	20	1575
247	65	216
59	65	630
14	65	195
16	65	482
137	73	1576
10	8	1577
213	65	263
372	17	1578
718	7	223
144	65	253
47	30	1579
14	65	247
254	65	264
18	65	197
47	30	1580
266	65	24
1371	17	451
639	8	1581
452	65	14
154	65	221
272	65	10
111	65	32
47	11	355
154	65	114
780	65	268
985	1	674
1363	58	44
47	30	1582
171	36	146
320	55	747
137	73	1583
140	65	253
151	54	256
408	65	13
47	30	1584
19	36	1585
47	30	1586
271	65	119
113	65	315
60	1	179
108	40	51
398	17	331
1	40	246
40	43	668
394	54	256
20	61	197
40	43	1587
314	65	955
464	65	45
47	30	1588
310	65	880
104	54	256
1589	7	304
903	13	2
111	65	383
955	65	281
79	65	272
258	13	451
47	30	1332
47	30	1590
310	65	383
453	7	219
464	65	416
1090	8	1089
621	43	7
246	65	10
23	73	1591
37	65	153
1592	13	164
1340	65	316
1593	56	23
403	36	1305
1594	16	116
1	65	221
639	55	747
234	65	246
1595	1	61
116	16	151
146	65	113
47	30	1596
131	30	1268
34	65	245
2	13	1597
1005	17	2
255	65	204
225	65	401
1	65	154
40	43	1598
331	13	398
19	36	108
372	17	180
40	43	927
501	13	1599
337	11	1493
104	36	1244
786	65	216
120	65	1600
111	65	900
543	65	245
24	65	384
462	43	1601
1058	8	1356
281	65	221
2	10	1025
47	11	1602
298	65	1
164	17	1603
6	43	124
1336	29	959
33	65	880
1502	27	171
263	65	17
213	16	1315
548	65	140
1604	16	19
250	65	889
102	65	468
49	1	1170
1605	16	19
1040	17	372
145	65	204
403	36	1606
372	17	1607
47	30	1608
23	73	1609
780	65	750
288	16	960
221	65	195
1610	1	179
272	65	314
1	65	14
40	30	695
531	61	54
1601	69	190
75	65	111
76	65	113
1559	70	889
780	65	128
19	36	1107
1065	16	116
51	40	1204
237	15	1611
996	66	1281
286	65	285
219	1	61
259	65	532
283	8	282
170	8	1612
17	65	140
93	34	1613
241	65	119
288	66	1614
146	65	459
549	65	25
627	15	580
16	65	204
319	7	2
139	65	883
889	65	996
1589	34	1615
263	65	204
33	65	780
213	65	141
294	65	76
392	39	44
551	65	549
19	36	1616
478	58	44
19	36	1617
93	34	1567
483	60	1618
19	36	1619
27	65	264
1305	7	304
27	65	97
184	1	1620
115	36	1621
730	17	50
1039	11	156
146	65	314
1019	15	165
234	65	76
1189	36	332
49	1	1622
595	8	1183
47	30	1623
1184	33	20
315	65	279
1157	6	1624
195	65	871
482	65	212
279	65	221
1625	72	1626
174	65	13
165	17	1627
260	8	415
145	65	146
1021	65	242
531	61	989
531	61	174
80	65	111
485	65	108
26	65	74
142	65	955
408	65	714
93	34	1628
372	17	813
576	65	31
1629	13	293
1116	58	44
115	16	1630
58	65	67
197	40	311
21	65	74
11	65	57
74	65	255
59	65	146
21	65	212
216	65	315
955	65	452
824	65	18
1631	29	487
47	11	1632
372	17	1633
37	65	401
271	65	91
1028	45	93
824	65	1634
19	36	1635
1636	70	511
40	43	1637
67	65	26
483	36	306
180	1	1638
13	65	267
1639	27	23
1508	7	595
315	65	79
1640	46	1641
1641	21	184
565	65	589
1529	65	408
23	73	1642
1244	29	1643
1197	7	23
464	65	1021
7	43	617
225	65	75
122	27	83
47	30	1644
67	65	651
104	36	868
23	16	1197
1627	7	165
255	65	213
1645	65	126
1646	72	1090
146	65	955
822	65	377
93	34	299
20	61	26
1647	70	408
555	1	931
86	66	1648
730	17	372
74	65	221
231	72	158
47	11	1649
139	65	62
47	30	156
131	30	1650
66	65	62
171	73	1651
494	73	1652
93	34	1491
1653	16	19
431	65	384
23	73	159
404	7	2
131	30	1552
1591	72	1184
20	61	1654
1113	17	93
54	65	32
812	7	813
47	30	1655
504	13	1540
131	30	1656
581	8	779
665	72	446
212	65	59
146	65	255
372	17	746
1330	13	639
754	6	1657
1658	27	23
616	8	615
171	73	1659
20	61	716
47	30	1660
165	17	1229
27	65	145
213	65	1477
115	16	1661
40	43	434
104	36	769
337	11	1662
1314	11	156
308	13	398
1234	32	146
21	65	17
281	66	1663
116	16	1015
543	65	197
111	8	278
533	8	1577
1664	13	451
47	30	1665
915	16	1666
19	36	1667
452	65	1
47	30	1668
364	10	571
20	61	241
20	61	565
1127	16	19
19	36	1669
452	65	1190
174	65	538
19	36	1670
146	8	884
1189	32	1671
100	65	34
363	70	315
19	36	560
1542	7	304
92	65	34
27	65	255
19	36	1672
14	65	216
40	43	1673
1386	8	1674
595	8	981
1274	29	468
1675	48	44
151	16	116
1676	16	19
91	65	792
79	8	1677
146	65	452
14	65	1678
37	65	27
66	65	371
331	8	296
431	65	422
748	17	429
1679	16	403
576	8	1680
66	65	65
40	43	522
580	30	489
1258	29	115
792	65	13
808	1	61
1681	16	116
145	65	253
1246	21	277
940	11	69
59	65	212
13	65	120
47	11	1682
336	70	335
393	16	19
144	65	371
339	65	66
272	65	146
589	65	86
47	11	1660
1683	65	468
40	1	1684
171	36	1685
1340	8	1686
47	30	1009
1687	65	79
1688	72	1184
7	43	1072
279	65	1133
651	65	65
19	36	1689
485	65	215
510	65	1690
884	56	23
1581	15	51
1691	16	19
1692	7	2
37	65	371
47	30	1693
32	65	12
46	65	1021
216	65	221
171	73	1105
38	65	37
14	8	343
1694	39	44
372	17	1565
493	65	13
19	36	1695
67	65	146
531	61	271
119	65	111
666	65	45
580	32	1696
171	73	1697
125	8	1698
1	8	415
7	43	574
131	30	1682
47	30	1699
431	65	889
630	65	27
264	65	371
113	8	838
20	61	1477
432	65	242
40	43	1700
131	30	1701
1	65	272
431	8	1702
1639	7	23
40	43	924
93	45	94
754	6	1703
1704	7	23
47	11	1705
1706	16	939
75	65	225
170	8	1023
1707	15	1323
1603	17	156
108	21	277
383	65	216
900	25	407
452	65	142
19	36	1708
54	65	914
1709	29	207
1515	72	591
337	11	1710
551	65	266
49	1	1711
104	36	1712
339	65	459
1449	16	1713
403	36	1714
1	65	298
1090	8	1715
1286	7	398
47	30	1716
1294	1	179
272	65	75
1717	11	1718
47	30	1719
19	36	1720
51	45	87
1721	56	23
1722	56	23
22	15	595
1060	70	1061
19	32	1723
98	43	1724
416	65	464
362	65	263
137	73	1725
21	65	362
821	34	189
924	58	2
1070	43	860
462	43	924
47	30	1726
63	16	19
19	36	1410
40	43	1727
254	65	66
146	65	651
134	11	707
47	30	1728
1323	8	1185
47	30	1729
19	36	966
154	65	1133
219	8	1497
37	65	310
115	16	1730
387	65	548
1168	7	304
787	1	209
47	30	1731
34	65	100
20	61	33
1732	7	156
401	65	955
146	65	216
47	30	1733
387	65	67
1734	65	126
1735	59	1736
67	65	401
985	1	672
1737	34	93
372	17	1738
1739	32	146
1740	13	69
372	17	1741
1314	13	156
372	17	1742
106	7	2
792	65	119
47	30	1743
7	43	1601
964	58	2
422	65	634
1744	17	40
79	65	216
60	1	931
272	65	401
25	65	431
370	65	253
357	17	1745
1734	65	266
553	17	372
40	43	1746
834	65	59
233	48	249
1747	68	658
20	61	146
337	11	1748
1417	16	19
845	15	595
531	61	25
1630	29	115
1153	65	67
82	16	762
59	65	38
830	16	19
19	36	1749
1329	39	44
47	30	1750
93	34	933
1260	55	492
75	40	8
111	65	221
19	36	1751
577	56	23
915	36	1666
241	65	54
115	36	1752
47	30	1753
40	43	1754
267	65	13
75	65	315
1755	16	19
47	30	1756
216	40	8
11	65	285
468	65	1683
120	65	408
986	55	492
403	27	83
1112	8	1757
96	65	34
60	1	770
330	29	111
1758	1	876
827	32	7
8	32	75
482	65	143
146	65	254
264	65	144
556	65	582
1069	32	67
310	65	153
116	16	1759
280	8	1760
104	29	1314
142	65	315
494	73	1761
31	16	19
538	65	34
47	30	1762
1361	13	748
146	65	387
1693	11	69
822	65	580
1763	13	1517
633	65	174
19	36	1764
141	65	67
180	1	179
54	65	538
67	65	58
2	21	277
1765	66	1766
372	17	1159
47	30	1767
92	65	91
91	65	408
459	65	254
1768	1	179
40	43	1769
79	34	78
1570	17	451
245	65	91
145	65	27
654	7	256
102	8	1770
1771	16	19
1772	24	1773
40	43	1231
1409	8	1774
75	65	310
461	65	259
40	43	1775
1139	11	308
40	43	1776
47	11	132
40	43	611
51	40	1777
16	65	1522
139	65	459
234	65	383
1399	16	19
401	8	1328
285	65	1386
366	11	1355
311	65	102
401	65	111
2	17	903
40	43	1778
65	65	204
811	65	213
93	45	1058
1779	17	813
996	65	889
125	65	30
47	30	1780
32	65	633
1120	39	44
679	13	1434
139	65	145
1078	72	1781
120	65	174
131	30	1782
602	17	372
26	65	482
47	30	1783
20	61	1784
431	65	551
579	48	249
589	65	67
383	65	401
125	8	1785
825	1	61
634	65	126
280	8	1786
47	30	1787
51	34	62
40	43	1788
266	65	384
19	36	1755
1789	20	1253
19	36	1790
47	30	1791
14	65	246
213	65	65
1723	8	1792
141	65	264
1793	16	19
2	6	1794
892	15	146
47	30	684
54	65	801
547	16	104
286	8	1795
100	65	91
551	65	287
47	30	1796
7	43	877
34	65	464
933	8	1797
1702	29	431
846	8	1774
403	36	222
1671	65	1798
146	65	195
67	65	811
294	65	221
387	65	27
311	65	750
1799	13	1800
1801	11	761
1802	7	304
13	8	1148
180	1	1170
1803	45	58
119	65	100
47	11	1584
171	73	1804
47	30	1805
973	43	7
115	36	1806
848	66	597
47	30	1807
1534	72	1447
362	65	589
19	36	1808
154	65	113
79	65	1687
126	32	1809
131	30	1810
483	36	1811
1812	72	158
146	65	8
915	17	372
1	65	114
47	30	1813
40	43	1814
1587	58	44
497	65	91
219	17	701
383	65	111
165	8	896
808	7	223
101	65	100
1815	7	304
576	65	111
832	29	12
245	65	266
34	65	119
115	36	379
971	69	44
889	65	56
211	65	67
14	65	198
40	13	1816
180	1	931
1280	43	98
137	73	1817
403	36	963
12	65	34
383	65	153
47	30	1818
1819	16	19
821	55	406
789	59	321
6	48	1390
733	7	2
38	65	65
1606	7	1273
1787	13	1006
142	65	198
47	30	1820
1508	7	40
51	40	1821
285	65	102
337	11	1799
19	36	276
1189	32	521
263	65	66
23	73	1001
1324	29	1323
772	65	21
910	40	51
213	65	17
377	16	19
1822	29	125
964	30	1823
20	61	883
170	17	169
34	65	432
116	16	1824
1825	17	1826
116	16	957
538	65	946
651	65	146
199	7	223
372	17	1827
65	65	16
8	32	216
880	65	10
37	65	294
46	65	91
225	65	310
38	65	589
574	43	7
636	10	337
144	65	59
141	65	651
123	48	1390
266	65	25
161	33	20
26	65	65
23	36	73
531	61	543
142	8	766
788	1	1828
1829	33	531
47	30	1830
1603	13	164
1340	8	1563
531	61	100
47	30	1831
65	65	370
154	65	314
1832	33	20
1669	16	19
47	30	1833
171	73	956
47	30	1834
74	65	97
337	11	591
985	34	398
91	8	669
234	65	301
482	65	371
254	65	146
144	65	500
230	65	253
75	8	717
422	65	335
221	65	294
401	65	383
20	61	91
47	30	1835
279	65	272
137	73	1836
401	65	79
263	65	59
40	13	1837
403	36	1077
47	30	1524
1700	43	98
100	65	35
1212	6	1469
40	17	1744
462	43	881
102	8	1838
1839	1	1620
157	69	249
104	16	1840
119	65	792
164	8	1497
744	8	1841
1469	59	1842
637	59	1551
314	65	952
221	65	216
40	43	621
234	65	247
73	27	23
12	65	174
18	65	57
604	65	880
531	61	384
51	40	1843
20	61	54
139	65	66
357	48	1844
621	39	2
47	30	1845
255	66	1295
511	65	111
51	40	1846
184	1	1847
47	11	1848
34	65	538
1849	70	108
153	65	10
20	61	24
20	61	371
16	65	67
1001	72	1626
1850	56	494
372	17	47
47	30	1851
357	48	1852
47	30	1853
79	65	383
45	65	464
66	65	401
996	65	266
171	73	334
372	17	1854
10	65	880
19	36	1793
113	65	75
842	32	67
19	36	1855
40	8	832
483	31	1856
1002	34	1383
40	43	970
14	8	265
891	16	19
558	27	83
1857	65	13
54	65	792
137	73	1858
180	1	1859
22	29	146
811	65	371
158	8	519
337	11	1860
19	36	1861
24	65	543
101	65	666
871	65	532
1539	72	1862
131	30	1705
37	65	67
387	65	62
76	65	153
617	43	7
59	65	387
16	65	335
772	65	67
531	61	267
46	66	1863
370	65	27
434	39	44
1864	65	551
216	45	246
47	30	1865
1323	8	1866
431	65	126
487	8	1707
65	65	548
357	48	1867
1868	7	398
13	65	119
871	65	316
1739	32	1678
76	65	10
431	65	25
44	6	109
272	65	246
93	45	436
1120	58	44
1869	48	2
26	65	565
959	65	951
1477	65	213
279	65	310
633	65	32
1314	7	806
40	43	1870
180	1	1871
59	65	16
155	11	156
20	61	37
47	30	1872
20	61	1873
19	36	1874
1437	16	19
44	17	1875
1876	16	104
393	16	1745
23	73	1877
16	65	269
432	65	271
67	65	1283
165	8	540
146	65	310
113	65	383
20	61	32
1151	1	209
62	65	543
115	36	1878
19	36	598
880	65	11
195	65	154
357	30	1879
1880	13	398
40	43	98
13	65	174
497	65	792
180	1	1881
1882	16	19
60	1	112
452	65	544
889	65	1883
1884	72	160
482	65	27
1154	39	2
538	65	13
245	65	34
1091	43	7
47	30	1885
98	43	478
167	65	38
808	17	372
187	72	190
174	65	119
32	65	1021
1886	7	1027
234	65	221
137	73	1887
1888	70	31
65	65	144
462	43	735
37	65	221
62	65	213
1	65	153
813	17	812
580	65	186
104	36	1889
1432	55	492
69	1	179
19	36	1474
189	1	179
40	43	653
263	65	141
666	65	538
670	13	420
66	65	263
1283	66	1890
40	43	248
197	65	468
13	8	1571
1010	7	115
47	30	1891
408	65	101
111	65	37
452	65	314
263	65	254
1495	40	1494
256	7	40
525	34	1892
119	65	45
1808	16	19
76	65	247
75	65	452
47	30	1893
47	30	1894
332	29	142
424	1	1620
104	36	1895
171	73	1339
65	65	1153
47	30	1896
47	30	1897
30	32	1898
47	30	1899
883	65	27
20	61	408
47	30	1900
431	65	16
37	65	21
245	65	120
131	30	1361
256	6	109
555	33	346
47	30	1901
548	65	37
40	43	1902
387	65	401
20	61	889
40	1	1903
340	8	1904
1582	13	69
67	65	263
384	65	551
216	65	154
347	29	1
246	65	315
810	7	40
424	1	674
80	65	10
520	72	679
47	30	1662
54	65	1494
396	65	100
522	39	679
67	65	370
981	29	1058
176	65	556
651	65	264
563	27	595
1000	56	23
310	65	266
40	43	1011
656	16	19
17	65	67
1	65	111
162	39	44
65	65	74
47	30	976
1905	6	361
189	31	1271
113	65	247
7	43	1334
1906	11	170
538	65	493
1907	15	1199
1664	13	639
59	65	589
10	8	1908
422	65	126
383	65	279
65	65	142
47	30	1909
47	30	1910
792	65	497
552	56	494
131	30	325
1911	68	1863
47	30	1912
47	11	793
104	16	127
242	65	792
40	43	1416
792	65	45
75	65	142
531	61	101
384	65	431
676	16	19
125	16	1913
51	40	1914
1378	58	44
20	61	1915
403	36	729
19	36	1916
1739	27	23
74	65	387
595	8	1917
174	8	1918
384	65	24
2	7	1597
510	65	951
306	29	149
981	15	595
1698	29	125
47	30	1919
65	65	263
47	30	1920
889	65	995
119	65	242
93	34	1113
6	48	1256
67	65	1030
47	30	1921
67	65	253
119	65	13
276	16	19
1922	70	33
494	2	972
794	7	2
724	7	23
183	8	1923
27	65	370
51	40	1924
401	65	142
531	61	13
93	34	1717
47	30	1701
1902	55	492
51	40	1925
23	73	1926
1095	7	398
47	30	1212
116	41	1927
880	65	310
717	29	75
35	65	174
47	30	1928
156	17	1039
241	65	408
47	30	1929
180	1	1930
20	61	64
780	65	510
40	43	1931
451	55	747
212	65	21
47	30	1860
137	73	1932
834	65	74
255	65	66
51	40	1933
1358	65	67
1100	65	633
204	65	263
906	56	1024
779	29	778
221	65	1
1934	29	146
1935	65	111
34	65	666
47	30	1936
1514	13	69
1	8	0
807	13	69
1937	13	451
372	17	1938
929	16	19
72	15	1090
47	30	1799
131	30	1939
589	65	17
131	30	1758
246	66	944
47	30	1940
40	43	1941
266	65	889
120	65	91
917	17	1942
1297	34	93
267	65	34
97	65	65
326	43	1943
16	65	1358
16	65	32
339	65	67
65	65	814
40	43	1724
1460	8	1944
1097	65	16
337	11	1906
102	65	487
171	73	1945
482	65	140
299	13	420
56	65	244
408	65	119
47	11	1264
1698	29	1946
633	8	1947
310	65	246
1505	15	1122
23	8	1908
951	65	207
1948	7	223
34	65	396
511	65	87
310	65	113
137	73	1949
76	8	1950
621	58	44
146	65	281
1877	72	158
395	29	452
1195	53	256
19	36	1489
666	65	13
299	13	69
401	65	37
384	65	889
27	65	254
877	39	44
452	65	1063
337	11	1056
131	30	1456
178	58	2
78	8	1951
742	66	1952
180	1	770
459	65	144
867	16	19
162	48	249
104	36	1002
14	65	955
91	65	937
454	17	875
1454	15	164
19	36	1953
146	65	521
1386	65	285
1661	15	115
253	65	370
23	73	1954
65	65	565
137	73	1955
137	73	1956
47	30	1957
154	40	272
1002	34	49
80	65	33
158	7	1958
246	65	314
403	30	1462
156	17	155
317	70	316
551	65	431
47	30	1959
1075	16	19
1960	16	765
1658	7	23
7	43	471
826	13	1074
114	65	146
91	65	245
462	43	6
791	39	44
47	11	243
20	61	362
2	10	1137
286	65	581
234	65	10
705	29	76
801	65	13
272	65	79
872	11	1823
115	36	1961
959	8	1962
40	43	606
1820	11	308
115	36	1963
1294	7	304
489	13	490
142	65	113
1697	72	190
23	36	1964
225	65	111
137	73	1965
46	65	271
104	16	1966
314	8	1336
12	65	242
368	7	113
337	11	1967
74	65	140
19	36	1691
1453	58	249
1968	16	19
739	65	25
1969	7	40
408	65	242
137	73	1308
792	65	54
493	65	33
311	65	741
246	65	310
91	65	493
889	65	551
171	73	870
7	48	1390
32	65	13
59	40	1970
308	7	398
457	8	864
19	36	1971
1972	16	116
1233	16	23
222	1	179
1102	75	171
1973	70	383
1658	16	23
281	65	272
1974	17	451
20	61	1975
47	11	1976
952	65	113
1977	13	1421
113	65	195
1049	43	189
1978	16	19
246	8	1722
941	13	40
1480	43	735
1069	33	20
47	30	1979
30	65	750
754	6	680
47	30	1980
40	17	1981
113	65	154
184	1	876
281	65	279
1585	16	19
137	73	1982
47	30	1287
377	8	998
65	65	86
1197	27	23
47	30	1983
494	73	1984
47	30	1985
19	36	1986
184	16	546
287	65	728
801	65	633
1919	5	1006
12	65	819
1701	13	1027
59	65	263
213	16	1987
47	30	1988
16	65	1063
104	36	1479
851	15	40
1989	70	102
1990	39	44
137	73	1991
90	48	2
111	65	310
579	39	44
701	17	219
225	65	234
814	66	1992
866	7	454
11	65	880
422	40	384
1460	45	93
434	43	7
444	8	1993
115	36	1994
93	34	1292
838	68	802
1323	8	1707
149	55	492
509	29	216
571	10	364
889	65	126
531	61	1021
20	61	266
408	65	45
801	66	597
421	70	75
471	43	7
165	8	1995
27	16	1396
1996	45	93
236	13	164
2	8	367
459	65	66
245	8	1997
40	43	1998
1999	1	1472
78	33	20
2000	1	179
174	65	464
182	29	425
792	65	12
19	36	2001
799	13	274
19	36	2002
1742	17	372
20	61	772
164	17	1656
91	65	119
177	70	176
1238	8	2003
119	65	33
23	73	795
1990	58	44
254	65	213
23	73	2004
384	65	266
47	30	2005
40	43	2006
230	65	67
408	65	100
2007	72	194
1520	65	215
543	65	287
6	43	2008
47	30	2009
337	11	1909
171	73	2010
216	21	23
1360	1	788
74	65	213
2011	30	44
288	65	59
113	65	142
47	30	2012
234	65	79
44	20	1875
47	11	2013
272	65	195
579	58	44
431	65	335
40	43	326
2014	58	44
154	65	153
47	30	2015
141	65	459
27	65	37
49	34	2
101	65	120
100	65	92
2016	72	1936
216	65	14
67	65	371
499	65	144
452	65	272
19	36	673
40	17	1969
288	65	65
403	36	1768
19	36	2017
1496	2	2018
808	1	179
131	30	874
47	30	2019
416	65	12
1690	65	510
259	65	461
314	65	76
19	36	1041
197	8	2020
67	65	387
1331	45	51
67	65	589
937	65	32
115	36	2021
219	17	1374
950	64	1447
96	65	242
37	65	298
599	16	1321
216	65	1372
889	65	431
0	7	2022
387	65	74
144	65	254
437	58	44
10	65	14
94	45	93
234	8	1367
780	16	19
104	36	967
12	65	340
34	65	848
20	61	2023
47	30	2024
40	43	2025
1039	13	2026
1737	45	93
47	30	2027
457	8	456
116	16	394
126	65	1645
398	17	1868
47	30	593
40	43	2028
23	36	1639
337	11	642
735	58	2
952	65	272
234	65	225
104	16	1712
23	36	1233
54	65	13
180	1	1381
47	11	2029
792	65	100
146	65	21
23	8	22
953	27	23
113	8	2030
104	7	498
2031	10	1447
1448	43	7
221	65	298
456	70	485
245	65	244
701	42	2032
581	65	87
2033	75	171
279	65	246
762	16	82
595	8	2034
955	65	401
1297	30	2035
50	17	49
144	65	79
43	43	98
930	1	179
93	45	1126
47	30	2036
47	30	2037
1230	7	223
131	30	2013
2038	70	345
154	65	955
383	65	76
19	36	2039
167	65	65
50	17	2040
337	11	2041
1923	15	183
580	65	500
1429	6	1469
51	40	2042
394	51	2043
27	65	26
171	73	2044
34	65	45
146	65	952
67	65	264
211	65	65
1706	13	451
142	65	75
145	65	67
47	30	2045
247	65	76
116	27	83
1450	16	1449
242	65	13
40	43	2046
1790	16	19
12	8	882
115	36	790
2033	15	482
47	30	2047
65	65	482
1374	13	2026
131	30	2048
66	65	482
263	65	482
1099	20	1320
403	36	1815
343	29	425
19	36	2049
310	65	14
101	8	2050
1137	39	2
2051	72	260
538	65	12
1950	70	76
464	65	91
31	8	2052
2053	29	638
1058	8	2054
1068	16	19
25	65	269
1039	13	156
1875	62	44
12	65	101
47	30	2055
40	13	2056
264	65	139
113	65	114
464	65	34
154	65	298
2057	17	104
345	8	2038
47	30	2058
580	45	51
47	30	2059
132	39	360
20	61	111
1672	16	19
298	65	10
452	65	76
487	65	623
970	43	149
59	65	58
47	30	2060
1677	29	79
1648	72	29
529	29	528
93	34	1402
403	36	2061
146	8	22
20	61	497
47	30	2062
337	11	1853
104	16	2063
50	17	2064
19	36	2065
220	15	219
2066	29	162
102	40	51
34	65	408
203	13	398
10	65	1141
1165	16	19
1858	72	752
247	65	246
2067	28	44
742	8	1559
279	65	225
12	65	46
362	65	65
51	40	951
337	11	1343
246	65	14
390	16	483
23	73	802
565	40	387
337	11	2068
171	36	16
315	65	75
285	65	144
14	65	272
100	65	432
2050	29	101
6	43	1432
67	65	1087
332	56	23
804	29	803
1026	13	1027
12	65	1204
12	65	119
482	65	651
100	8	55
101	65	271
1993	70	444
97	65	213
59	65	211
791	43	7
1757	29	1112
2069	6	2070
955	65	146
848	65	34
1199	8	2071
432	65	914
1635	16	19
68	17	451
221	65	142
387	65	339
139	65	254
51	40	2072
279	8	2073
113	65	279
109	59	678
543	65	56
19	36	2074
2038	29	87
834	65	362
113	8	519
59	65	91
86	65	21
47	30	2075
1612	15	170
67	65	459
47	30	1157
459	65	387
45	65	174
51	40	102
821	60	868
16	65	422
557	70	556
20	61	422
1996	8	909
637	59	2076
47	30	2077
2078	13	2079
531	61	1734
78	32	146
65	65	362
372	17	2080
67	65	230
1447	13	1863
1603	7	156
141	65	139
40	43	123
985	34	183
13	65	666
589	65	548
538	65	666
21	65	86
189	60	868
40	43	2081
34	65	111
531	61	422
167	65	204
66	65	878
889	65	197
1157	13	2082
507	69	302
40	43	2083
405	7	304
457	8	2084
446	6	1469
281	8	2085
49	1	738
1595	1	674
2086	16	19
75	65	146
19	36	2087
337	11	1514
133	65	34
1495	65	1494
301	65	146
19	36	1653
20	61	310
630	65	624
594	32	146
271	65	396
639	8	1575
137	73	2088
197	65	716
104	29	1298
356	75	171
197	65	335
1497	70	285
21	65	67
104	36	2063
314	65	114
78	21	23
47	11	2089
353	65	26
140	65	565
47	30	2090
241	8	2091
331	8	448
377	65	102
254	65	459
146	32	809
2092	70	271
137	73	2093
50	17	664
497	65	271
903	7	2
889	65	384
40	43	699
27	65	883
47	30	2094
47	30	2095
408	65	245
2096	41	2097
154	65	401
451	17	1706
750	65	780
531	61	96
548	65	59
82	16	546
92	65	464
14	40	111
780	8	2098
829	7	828
979	16	19
56	66	1804
19	36	959
462	17	242
125	65	207
258	51	93
47	30	1374
654	17	40
19	36	1397
894	51	93
234	32	893
2099	27	23
943	43	98
403	36	2100
531	61	633
47	30	2101
33	65	119
75	65	1
47	30	2102
6	43	2103
91	65	120
7	55	492
216	65	281
803	45	93
985	1	1381
65	65	140
51	40	2104
315	65	76
142	65	247
1706	7	451
1629	17	69
384	65	56
1589	7	223
487	8	2105
59	65	254
359	7	216
66	65	387
47	30	2106
288	36	2107
131	30	2108
242	65	396
23	73	2007
19	36	2109
19	36	1771
814	65	65
551	65	1864
234	8	1173
189	1	931
131	30	2110
182	70	18
1966	16	104
158	32	6
2029	52	29
216	65	310
78	8	2111
256	6	2112
1429	13	293
2113	39	44
1723	20	1033
7	43	791
47	30	2114
46	65	633
2115	33	346
1021	65	91
189	43	1049
21	65	263
34	65	497
47	11	1701
79	65	298
776	65	266
27	65	146
739	65	889
19	36	743
119	65	914
686	13	398
21	65	482
576	65	822
1494	65	54
310	65	225
316	65	1340
137	73	2116
420	17	2117
67	65	38
47	30	2118
408	8	882
23	36	1035
1902	58	44
213	65	59
337	11	158
531	61	12
15	70	234
791	48	249
7	36	617
2119	16	19
862	48	44
180	1	2120
1526	13	156
40	43	382
27	65	65
116	16	2121
1021	65	34
47	30	360
422	65	551
146	65	213
494	30	1555
221	65	279
2122	16	19
444	65	12
74	65	21
1356	7	325
13	65	2086
772	65	16
315	65	142
1234	33	346
1152	39	2
174	65	12
1246	8	182
23	16	73
144	65	387
174	65	92
158	6	1242
102	8	2123
532	65	871
1587	48	44
820	65	819
1275	8	687
349	43	98
142	8	448
875	17	454
576	65	285
2124	72	360
104	13	2057
180	1	2125
24	16	1747
455	45	93
1396	15	27
233	43	7
198	65	146
27	65	141
12	8	2126
493	65	666
180	1	1472
47	30	2127
26	65	139
903	11	2
2128	56	23
403	36	2040
2129	16	19
94	34	93
1449	42	573
50	17	2130
279	65	543
67	65	21
493	65	538
30	36	488
802	72	158
47	30	2131
132	21	2132
47	30	2133
2	13	1025
126	65	422
213	65	211
1233	7	23
40	43	1453
47	30	707
49	1	831
1405	29	487
1559	29	889
482	65	16
47	30	2134
100	65	801
1188	27	325
633	65	242
19	36	2119
47	30	2135
211	65	145
116	16	2136
47	30	2137
1902	43	7
40	43	2138
765	27	83
386	1	876
424	1	112
1477	65	27
501	13	2139
137	73	2140
51	45	2141
125	65	623
462	43	178
16	65	24
1341	59	2142
639	17	751
75	65	198
2	34	1664
171	36	1318
829	13	828
117	16	116
494	73	2143
146	65	383
35	65	34
732	15	90
47	30	2144
1796	13	69
888	16	19
19	36	2145
20	61	878
100	65	914
114	65	314
100	65	271
47	11	1656
230	65	59
408	65	1529
1384	15	387
370	65	204
403	8	1525
120	8	1125
2146	8	129
31	21	277
315	65	216
310	65	10
632	59	631
914	65	34
452	8	332
2147	27	494
1451	10	2
952	65	314
403	36	206
1372	65	75
40	43	613
256	13	420
1764	16	19
604	65	576
295	56	23
253	65	288
333	8	832
387	65	213
166	13	1420
76	65	279
279	65	315
1126	30	1080
548	65	65
299	17	165
120	66	1313
255	65	371
37	65	146
1541	40	51
401	65	59
280	45	93
142	65	246
242	65	463
268	65	533
310	65	1
501	24	1028
79	65	142
301	65	153
387	65	144
47	30	2148
17	65	16
40	43	2149
171	73	1182
784	65	18
40	43	2150
115	21	1099
281	65	452
47	30	2151
2152	62	2153
19	36	229
197	65	889
383	65	154
139	65	65
701	7	219
1040	13	398
19	36	385
272	65	1
899	7	304
197	65	266
408	65	91
1442	16	19
995	65	16
387	66	1295
44	33	346
104	51	93
955	65	14
283	45	93
184	1	1360
47	30	1710
93	34	283
26	65	141
111	65	11
104	29	1294
725	11	2154
1541	65	2155
40	43	759
2156	34	93
801	65	1100
1061	65	820
245	65	1139
6	43	860
113	65	314
154	65	310
429	17	748
13	65	245
256	6	2157
19	36	1055
115	36	2158
1595	1	179
947	41	93
142	65	452
335	65	310
47	11	1395
1280	55	492
1514	13	293
788	1	1360
47	30	501
47	30	2159
102	8	2160
801	65	497
257	59	2161
1313	72	2
2162	70	311
74	65	230
40	43	1280
454	17	872
213	16	2163
67	65	211
65	65	255
51	40	1266
0	29	595
242	65	848
206	17	50
174	65	1021
65	65	13
23	36	1704
963	7	304
896	15	165
280	8	2164
59	65	64
51	40	2165
74	65	204
47	11	1623
32	65	889
2166	7	809
576	7	2167
189	31	2168
180	1	2169
772	65	204
23	16	193
137	73	2170
47	30	2171
702	13	859
16	65	544
496	7	23
115	16	2172
241	65	271
768	1	1711
2076	59	1439
51	34	2173
19	32	164
302	11	69
51	34	2174
494	73	2175
204	65	146
242	17	462
184	1	831
591	13	590
111	65	314
7	43	1448
901	29	281
531	61	24
433	1	61
37	65	834
1	65	952
2176	70	623
561	7	219
47	30	2177
146	65	14
180	1	2178
800	17	398
279	8	2179
1617	16	19
104	36	2180
1125	68	1313
104	16	2115
219	8	2181
47	30	587
1122	21	277
40	43	2182
180	1	831
171	36	2183
1796	13	293
294	65	234
19	36	2184
213	65	387
25	65	310
12	65	989
510	65	207
47	11	874
212	65	67
2185	43	98
47	30	2186
1058	45	93
40	43	2187
111	65	452
20	61	211
101	66	2188
242	65	100
543	65	314
47	30	2189
556	65	528
1694	58	44
144	65	204
40	17	1977
394	41	93
2190	7	398
482	65	834
788	1	745
213	65	204
210	7	23
128	16	19
74	65	62
87	45	51
2191	16	19
40	43	706
47	30	2192
33	65	32
347	29	260
247	65	79
111	65	1
47	30	2193
174	65	666
246	65	221
1582	11	69
47	30	2041
131	11	325
1027	17	1886
1063	65	111
50	17	206
1671	65	146
142	65	14
451	17	2194
19	36	1158
1849	29	436
51	40	2195
819	65	13
579	48	160
7	43	973
27	65	253
213	65	255
125	21	277
47	30	2196
40	43	877
176	65	580
140	65	59
49	1	2197
264	65	145
171	73	2198
1754	43	98
34	65	463
1981	45	93
47	30	2199
1244	15	183
171	73	2200
2201	34	93
21	65	27
6	48	249
595	8	1973
146	65	141
144	65	146
744	8	2202
120	8	2203
2030	56	23
19	36	2204
424	1	61
1495	65	1798
531	61	245
96	65	245
91	65	67
6	48	685
46	65	100
2205	6	1469
1403	13	454
964	30	249
19	36	1968
58	65	65
207	8	1709
1334	55	492
1986	16	19
51	40	1267
51	40	1248
1400	59	2206
732	29	115
20	61	2207
2208	29	91
111	65	195
401	65	146
403	33	2209
146	65	142
271	66	2016
101	65	12
219	8	2210
171	73	2211
463	8	2212
189	55	406
1072	43	7
666	65	101
194	8	282
504	13	503
370	65	21
639	20	2213
2214	42	573
160	6	2215
279	65	1
208	1	788
1508	15	595
1258	29	165
2216	29	115
2190	17	398
20	61	38
810	15	595
62	8	1904
287	65	266
264	65	263
126	65	2217
38	66	1373
741	8	2218
2	7	184
80	65	951
337	11	2219
1100	65	174
1603	7	164
47	30	2220
401	65	279
93	45	1491
131	30	2221
79	65	246
56	65	245
131	30	1374
20	61	145
20	61	143
1295	72	679
1159	7	304
15	29	14
37	65	314
1843	16	19
401	66	2198
104	15	2222
719	68	585
131	30	2154
959	8	1336
1100	65	666
47	11	1589
47	30	1031
37	65	234
1	8	2223
204	65	27
201	65	57
67	65	288
314	66	760
1700	55	492
1571	41	93
47	30	2224
37	65	883
736	40	311
116	16	1681
666	65	46
93	45	846
246	65	1133
67	65	426
371	65	811
295	70	946
372	17	2225
131	30	977
34	65	914
67	65	204
964	30	827
533	65	532
430	29	226
222	7	304
131	30	135
2223	56	23
56	65	422
422	65	269
25	66	1313
47	30	2226
139	65	204
408	65	1021
137	73	2227
1606	7	304
1693	13	69
146	65	204
485	16	19
377	8	2228
226	36	1049
452	65	79
19	36	176
395	16	765
648	65	67
401	65	65
1902	39	44
2229	43	7
432	66	2230
1601	48	1390
40	8	332
2231	72	622
1162	1	179
14	65	234
422	65	1485
2012	13	293
1332	13	2
501	10	2232
204	65	59
559	7	223
47	30	1216
93	45	183
58	66	2004
154	66	1642
310	65	37
1742	7	304
1153	65	253
401	65	154
104	16	1244
47	11	1974
425	8	2233
589	65	37
246	65	427
451	20	1033
146	65	76
462	43	1486
1559	29	742
242	66	2234
408	8	1647
2235	39	44
131	30	374
315	65	272
213	45	2236
19	36	2237
142	8	332
809	16	2238
19	36	2239
337	11	475
364	17	659
1558	41	93
195	65	279
22	15	893
40	43	2240
167	65	263
115	36	2241
2055	13	69
115	36	2242
7	43	621
2	8	2243
1787	5	1006
79	65	146
40	20	1033
51	40	2244
234	40	10
216	65	1133
357	48	2245
372	17	1155
210	11	360
137	73	2246
937	65	13
446	10	69
1168	7	223
1	65	383
47	30	2089
93	34	2247
633	65	91
18	8	182
2	17	252
468	65	197
2248	16	19
125	65	780
483	36	390
56	65	266
137	73	2249
104	29	2250
1664	34	2
1393	70	468
19	36	2251
161	27	171
1182	72	360
594	16	23
20	61	2252
44	20	1253
20	61	144
104	36	1262
782	65	79
1102	15	213
221	65	234
7	48	249
19	36	2253
144	65	834
403	36	2254
49	1	181
47	30	260
784	16	19
165	21	277
1997	70	245
44	13	1210
131	30	857
2173	45	51
40	43	1310
1095	17	451
156	17	2255
716	65	889
47	30	2256
241	65	801
20	61	1190
1135	16	19
115	36	2257
377	65	87
298	65	221
113	65	246
1126	30	2
171	73	2258
115	20	722
571	10	2259
2260	40	51
221	65	79
1159	7	223
131	30	2261
126	65	57
408	65	32
889	65	16
19	36	2262
204	65	589
51	40	2263
2264	13	2265
154	65	1261
1864	65	126
19	32	599
25	65	551
47	30	338
146	65	401
213	65	254
19	36	1605
401	65	315
1772	13	1773
1090	8	72
13	65	749
337	11	942
1968	66	1175
19	36	2266
337	30	1050
34	65	792
531	61	431
88	16	19
282	29	194
2267	13	69
184	20	1033
464	65	801
372	17	2268
1371	11	69
47	11	2269
424	1	931
74	65	1087
171	2	388
272	65	111
1314	16	104
65	65	58
171	73	2270
20	61	551
340	65	13
253	65	145
131	30	273
581	65	377
883	66	2200
1594	16	1449
1225	16	19
154	65	216
245	8	136
104	13	498
144	65	255
801	65	408
403	45	93
2264	6	2271
91	65	45
558	1	179
234	65	310
142	65	67
2272	45	51
114	65	383
40	43	1091
23	16	724
2273	29	207
563	29	452
2255	13	156
54	65	34
19	36	1604
1627	17	165
156	17	1732
158	8	2030
17	65	459
2274	29	12
98	58	2
1043	17	451
137	73	2275
403	36	1610
1987	15	213
115	36	2276
34	8	2277
234	65	146
47	30	2278
109	11	2279
1058	8	2280
101	65	633
126	65	551
21	65	565
2030	29	113
65	65	1358
432	8	2091
40	36	1002
47	30	2281
264	65	66
401	21	23
1129	17	1038
2282	70	24
56	65	384
18	65	959
685	1	1170
44	6	1531
279	65	314
595	8	832
398	17	2283
242	65	91
314	65	10
20	61	387
1021	65	408
279	8	1086
846	34	93
17	65	65
728	65	889
493	65	91
249	26	827
47	11	2284
1562	16	19
311	8	1117
100	65	46
335	66	665
247	65	452
403	36	2285
162	43	7
2	0	1511
1824	16	116
146	65	114
20	61	2286
824	65	533
216	65	1
47	30	2287
1294	21	403
1746	43	735
14	8	1721
47	30	2288
23	16	594
66	65	254
310	65	80
249	26	2289
1438	15	772
2282	29	24
149	43	1481
204	65	38
18	65	510
1062	16	19
76	65	298
357	20	1745
359	15	216
23	73	2290
171	73	2291
16	65	995
47	30	2292
171	36	2293
47	30	194
32	65	120
226	16	430
47	30	2294
534	11	156
131	30	1584
67	65	59
62	8	1013
2295	16	19
76	8	717
47	30	2296
1946	8	1698
47	30	1967
801	65	119
20	61	2297
154	65	75
37	66	771
1248	40	51
1091	55	492
34	8	2298
131	30	654
49	1	467
510	40	80
111	65	246
2091	29	432
507	58	44
245	65	242
1866	15	1323
1448	69	685
1494	65	1798
1501	29	246
1475	56	1024
278	68	297
565	65	254
189	36	1244
47	30	2299
452	66	1555
146	8	1934
108	8	1446
1918	29	34
21	65	59
204	65	254
1674	15	403
91	65	100
1079	7	595
13	65	493
2300	70	13
32	65	101
543	65	452
347	70	348
40	13	2301
566	13	69
47	30	2029
111	65	76
247	65	272
204	65	66
337	11	1096
310	65	431
497	65	493
792	65	241
56	65	543
1334	69	2
50	17	730
57	65	335
279	65	79
2003	70	1068
44	8	1875
93	34	1297
66	65	27
586	56	23
17	65	482
104	36	2302
464	65	32
1706	17	274
20	61	13
1508	15	40
487	65	1634
64	65	67
19	36	1263
2064	17	372
47	30	1425
1674	70	1386
233	69	761
275	30	2
111	65	114
654	7	40
985	1	179
749	65	120
1601	48	44
31	8	1888
373	17	372
137	73	2303
92	65	100
246	65	111
44	8	2304
1961	21	791
1205	70	1204
119	65	432
1730	29	115
1695	16	19
146	65	198
40	43	2305
137	73	2306
234	65	314
21	65	772
357	48	2307
12	8	832
93	34	1245
40	43	1675
20	61	548
47	30	2308
40	43	2309
10	65	301
549	65	551
482	65	263
23	73	2310
47	30	2311
401	65	387
204	16	328
776	65	56
436	8	1849
263	65	65
326	43	617
104	36	2312
55	29	54
40	43	2313
531	61	34
337	11	1045
221	65	246
32	65	937
144	65	27
961	17	156
40	43	1990
176	65	259
281	8	901
776	66	2314
720	55	747
47	30	2315
137	73	2316
67	65	213
1199	8	1507
821	31	868
1407	72	333
595	8	892
78	45	111
462	43	971
398	17	1095
408	65	96
337	11	2317
1497	29	1496
447	1	179
51	40	2318
47	11	1543
67	32	1069
1845	13	1625
2319	17	372
2320	13	170
19	36	2321
623	65	18
2322	13	69
79	65	952
1969	13	40
195	65	75
572	13	69
174	65	120
1037	36	1176
2323	1	61
93	34	985
468	8	2324
565	65	255
1601	55	492
91	65	13
146	65	301
2325	43	149
403	33	2326
183	30	2327
1305	7	223
1829	32	24
213	65	144
47	30	2328
451	17	1118
142	65	786
416	65	92
21	65	211
495	51	93
1288	27	171
420	17	419
213	65	145
339	65	146
1758	1	179
403	36	2329
878	65	213
20	61	17
1792	29	1723
2330	59	2331
372	17	2130
45	65	12
221	40	111
633	8	1148
370	65	387
315	65	314
785	40	51
451	17	1937
74	65	142
357	48	1999
33	65	604
315	65	221
393	65	33
459	65	211
595	30	1082
184	8	1406
468	65	18
47	30	2332
2098	7	2333
6	43	791
47	30	2334
46	65	34
91	65	271
62	65	387
314	65	225
47	30	2335
76	65	452
91	65	133
47	30	2336
67	65	145
40	43	2337
531	61	995
337	11	2264
427	65	75
736	65	197
315	65	246
51	40	311
1278	59	2338
1868	13	398
146	32	893
1883	65	889
102	65	18
65	65	66
462	43	471
104	36	1876
102	8	1989
489	13	398
525	71	2339
131	30	1595
551	65	889
955	65	314
79	65	281
2340	72	1090
337	11	1443
531	61	301
1839	1	179
67	65	167
961	7	156
247	65	315
154	65	146
47	30	2341
299	8	1466
13	65	45
294	65	111
19	36	2129
1063	65	146
254	66	2051
33	65	30
255	65	27
13	65	35
1913	16	125
679	13	2342
2343	34	93
47	30	2344
1021	65	32
76	8	2345
853	10	1193
27	65	834
180	1	61
13	8	2346
522	58	679
1429	13	69
2065	16	19
142	8	296
2012	17	69
2136	27	83
538	65	714
34	65	267
1469	59	2161
93	34	455
19	36	2347
10	8	495
1537	33	346
1021	65	12
595	30	2348
54	65	1100
697	16	19
101	65	92
111	65	74
149	43	2349
821	17	104
2	17	733
482	16	2033
47	30	2350
666	66	1884
1525	15	403
1087	65	74
377	65	487
125	8	1822
595	30	2351
126	65	335
780	8	1398
19	36	102
180	1	2352
129	70	128
76	8	2353
242	65	497
162	43	6
2354	16	19
1004	15	408
1627	7	40
452	8	947
104	29	2355
20	61	2356
20	61	464
1474	66	466
1338	75	171
2330	59	2206
2357	13	2188
104	36	1839
551	45	431
47	30	1285
1913	7	1402
234	8	15
97	65	387
131	11	2358
337	11	1896
47	30	2359
278	29	153
116	16	1124
75	32	8
14	65	154
394	29	226
102	65	285
401	65	67
803	8	1913
23	36	310
272	65	154
494	36	2147
160	26	329
51	40	2360
459	65	26
408	65	12
362	65	204
104	36	480
174	65	914
79	65	1133
310	65	33
271	65	32
1189	36	23
452	65	279
260	24	337
54	65	271
40	20	2238
49	34	808
241	65	174
93	45	1238
101	65	119
230	65	27
546	16	82
434	69	2
40	43	2361
93	34	1346
198	65	221
450	17	372
985	1	61
119	65	96
14	65	383
19	36	2362
120	65	101
20	61	27
19	36	516
801	65	34
40	43	1694
2363	1	61
47	30	2364
97	65	26
599	36	367
930	50	2365
1137	58	2
246	65	113
51	34	1331
1411	16	19
811	65	67
180	1	2366
33	65	393
1708	16	19
271	65	792
383	65	298
2096	15	183
1051	72	727
1874	16	19
51	40	2367
883	65	59
531	61	444
532	8	2368
649	16	19
144	65	1386
1	65	113
19	36	316
19	36	2086
13	65	67
101	65	32
133	65	432
67	65	91
30	65	125
180	1	876
964	30	571
666	65	174
1656	7	164
40	43	178
1692	10	2369
20	61	46
54	65	241
13	65	408
1671	65	16
403	36	2370
1447	5	2371
115	36	2372
1645	66	1812
651	65	213
164	8	1123
314	65	246
1183	29	260
337	11	2373
431	65	197
113	8	368
487	65	229
46	65	464
174	65	241
315	65	401
219	20	1033
25	65	422
115	36	486
1866	29	487
1061	65	377
219	8	2374
651	66	1051
47	30	2375
142	65	1
315	65	114
149	43	606
2085	29	281
111	65	142
1469	59	2157
271	8	2092
2376	17	372
595	8	766
47	30	2377
1	20	2378
37	65	140
2096	41	2379
182	29	1299
394	28	226
146	40	111
19	36	2380
1757	29	234
47	30	2381
337	30	2344
242	65	1021
19	36	1326
2382	15	2383
2384	28	184
1841	29	744
164	21	277
898	6	1735
31	65	102
2208	68	1281
170	8	1176
40	43	2385
772	65	59
171	73	2386
666	65	633
93	34	487
17	65	288
1205	29	1204
92	65	463
728	65	543
1112	8	2387
462	43	908
210	27	23
383	8	1973
1086	70	279
848	65	100
576	8	2388
47	30	1052
1780	6	631
74	65	263
18	65	102
258	13	293
2126	29	12
254	65	65
40	17	999
952	65	75
7	39	44
1074	16	826
951	65	959
422	8	2389
144	65	651
16	65	266
113	65	234
1542	1	674
19	36	2248
113	65	79
47	30	2390
277	30	2391
19	36	2392
59	65	339
32	65	266
288	36	2393
47	30	1209
79	65	14
494	73	2394
20	61	493
2395	59	1053
156	17	262
494	73	1884
119	65	12
139	65	811
27	65	211
114	65	310
19	36	1882
19	36	2396
1956	72	2397
140	66	1350
47	30	2398
314	65	75
543	65	272
2172	29	115
40	43	2399
639	17	2400
20	61	2401
1023	15	170
1398	29	2402
531	61	889
115	36	2403
623	65	487
946	65	241
1761	72	1763
47	30	2373
104	27	2404
936	15	288
60	1	672
140	65	37
314	65	79
20	61	16
1740	6	645
87	65	780
245	65	56
2346	29	13
2109	16	19
463	66	2405
1555	72	44
197	65	16
47	30	2048
372	17	2406
158	13	835
301	65	37
337	11	976
2002	16	19
171	73	2051
314	65	310
40	43	90
2407	16	19
18	65	1695
93	34	2156
20	61	86
19	36	2191
398	17	2190
362	65	17
27	65	387
102	16	19
1374	13	219
32	65	91
765	16	1960
131	30	2408
49	34	199
195	65	246
19	32	2409
702	36	859
171	73	1646
263	65	253
532	65	1634
1100	65	801
940	6	1469
47	11	2410
47	11	675
54	65	497
153	65	1
102	65	31
10	65	221
917	13	2411
1742	1	179
1293	70	1843
455	34	93
30	8	129
432	65	32
2	1	179
1305	1	179
74	65	253
91	65	241
91	65	12
2212	29	463
952	65	146
696	16	116
64	65	59
93	34	2412
788	1	208
464	65	92
531	61	497
47	30	2
104	29	1643
244	65	56
7	58	44
337	11	1596
798	16	116
144	65	139
769	16	104
97	65	264
75	65	314
850	58	44
40	43	1601
66	65	213
387	65	459
422	65	889
98	43	1011
595	8	22
180	1	2413
311	8	2414
137	73	2415
111	65	298
261	72	1408
54	65	666
2	17	106
47	30	2416
880	65	80
433	1	179
357	48	2417
1021	65	444
145	65	59
310	8	1850
2	24	337
774	13	2026
706	39	44
120	65	12
2418	27	213
5	59	2395
2419	13	69
213	65	339
1581	51	2043
74	65	66
131	30	2420
12	65	408
1367	29	1112
234	65	315
1582	17	451
15	29	234
1530	17	40
47	30	2421
131	30	2422
62	65	146
131	30	2423
100	65	13
1403	13	219
1371	13	69
245	65	16
271	65	801
137	73	2424
1530	7	40
393	16	2425
47	30	2426
65	65	772
46	65	13
19	36	2407
46	8	1911
2026	55	747
497	66	1546
146	65	59
1829	7	494
452	65	401
119	65	91
120	65	13
1523	29	377
180	1	2427
589	65	204
79	65	427
332	7	1189
1	65	195
2212	29	2428
935	70	91
20	61	288
309	8	683
113	65	272
531	61	464
483	16	306
1558	51	93
924	55	492
35	65	13
158	13	1488
92	65	801
40	43	2429
1100	65	13
47	30	1361
667	75	171
742	65	287
359	75	23
154	65	900
362	65	67
13	32	2430
1	65	452
372	17	2431
75	65	272
855	15	820
319	13	2
401	65	225
307	36	390
33	65	310
79	65	1
310	65	111
97	65	59
497	65	408
20	61	253
1581	41	93
705	70	37
272	65	315
1402	34	93
246	65	452
335	65	57
180	1	2432
204	65	811
1	65	544
104	41	2043
2308	6	2070
10	65	216
104	16	753
372	17	2064
104	29	702
459	65	141
195	65	310
40	13	659
47	30	2322
401	65	452
47	30	2433
1100	65	271
104	16	2434
288	36	1338
264	65	651
149	43	1480
403	8	1674
40	55	747
1175	72	70
1732	11	156
482	65	65
178	48	44
93	34	2096
394	41	2043
137	73	2435
444	65	242
728	65	16
1526	10	156
59	65	883
10	65	279
40	43	574
667	29	666
113	65	955
180	1	2436
278	29	111
47	30	2437
538	65	91
604	65	285
37	65	10
51	40	2438
432	65	133
207	8	2273
23	16	225
167	65	67
198	65	75
51	40	2439
40	43	2440
97	65	67
245	65	54
171	36	2441
180	1	1620
457	8	1995
1	65	279
47	30	2442
1798	65	1495
608	1	179
1371	13	293
20	61	264
1337	43	7
335	65	431
462	43	611
2096	41	2443
266	65	996
139	65	482
408	65	54
11	8	237
104	16	2444
326	43	971
2445	27	83
47	30	675
1352	13	2
19	36	2446
1074	32	1435
59	65	230
79	32	78
2447	72	796
62	66	760
872	13	454
23	73	2340
246	65	75
651	65	67
403	36	2448
16	65	728
79	40	225
175	48	44
371	65	211
307	16	148
154	8	2449
47	11	2450
37	65	75
92	65	416
1340	21	277
221	65	74
866	13	454
755	13	398
883	65	264
40	43	596
139	65	651
40	43	6
633	65	1100
49	1	1620
146	65	1671
47	30	2451
20	61	45
2030	29	893
46	65	497
1162	16	152
47	30	1532
1804	72	190
104	16	185
1058	34	93
2452	7	304
1337	48	44
113	65	146
353	65	211
78	8	2453
609	13	219
51	40	511
19	36	2454
739	66	251
91	65	34
394	15	1061
1739	16	23
131	30	2455
245	65	96
310	65	25
225	40	234
19	36	2456
165	8	1019
337	11	2292
93	45	165
93	34	1238
69	17	2457
79	65	279
47	30	2317
44	6	1278
197	65	310
462	43	574
1428	7	171
249	13	2458
1453	39	249
2363	1	674
40	43	327
446	13	293
1918	29	174
137	73	1327
595	8	901
651	65	27
383	65	234
714	65	242
1692	13	2
95	13	40
370	66	1614
75	40	216
180	1	2459
299	11	69
1255	29	59
408	65	497
284	16	19
35	8	72
65	65	141
1724	55	492
40	43	392
221	65	114
20	61	353
973	55	492
716	65	197
10	65	114
47	30	1656
1495	13	156
47	30	2460
2461	27	83
131	30	1602
211	66	956
23	73	781
59	65	362
834	65	213
195	65	114
234	65	111
204	65	264
315	65	195
639	20	2462
195	65	37
47	30	2463
216	65	75
398	17	800
1	65	146
699	39	44
184	1	179
910	21	277
126	65	266
1340	30	2464
471	48	249
146	65	27
425	8	182
2	11	1597
1525	29	1409
47	30	2465
529	70	528
142	65	1133
263	65	21
47	30	1090
221	65	37
1	65	225
74	65	834
40	43	2466
2103	43	98
47	11	2467
40	20	2274
2468	29	234
76	65	221
245	65	57
510	8	1698
501	24	1599
551	65	422
315	65	113
40	43	2469
180	1	2470
331	20	332
40	43	1943
104	36	664
45	65	13
225	65	298
451	17	450
40	43	2471
47	30	1395
93	34	2472
651	65	1477
749	65	13
1	65	79
253	65	74
595	25	2473
47	30	2474
76	65	14
114	8	2353
1704	27	23
116	16	762
47	30	2410
7	43	1130
371	65	264
158	1	876
1199	8	1907
91	65	464
653	55	492
952	65	452
947	51	93
131	30	1589
256	17	1195
10	65	113
49	1	2470
75	65	383
1449	16	82
154	65	234
1017	6	631
1633	17	372
171	73	1373
357	48	2475
1288	33	20
19	36	442
143	65	66
2476	29	889
33	65	871
645	59	321
684	13	293
225	65	281
1995	29	457
12	8	2274
217	29	216
780	65	125
2325	55	406
408	65	120
198	65	234
1021	65	633
195	66	2004
1149	17	93
51	40	2477
115	36	1869
10	65	33
535	7	454
1378	39	44
730	1	674
47	30	2478
452	8	395
390	29	149
296	29	142
1386	16	19
115	7	1320
10	65	310
25	8	2479
436	34	93
75	65	221
25	65	197
1571	54	256
259	65	780
315	65	786
47	30	2480
115	16	1085
538	65	174
137	73	2481
51	40	2482
287	65	57
2483	13	69
813	17	1779
122	16	546
234	8	1757
2	7	131
2323	1	674
285	65	511
13	65	91
1137	69	2
100	65	463
32	65	245
195	65	225
377	65	581
40	43	2484
268	8	1176
34	65	12
2485	72	754
216	40	75
10	65	314
2163	15	213
75	65	79
170	17	818
2486	68	950
332	15	595
922	42	573
2387	15	2155
158	8	2487
353	65	65
30	8	949
416	65	34
174	65	46
487	8	1866
40	8	2126
57	65	287
59	65	27
666	65	92
17	65	59
131	30	561
401	65	195
47	30	1740
310	65	234
2184	16	19
809	27	171
2	1	61
669	51	93
47	11	2488
431	65	266
1571	29	13
59	65	253
2382	28	1076
121	28	1227
2380	16	19
47	30	2489
47	30	2490
74	65	111
139	65	26
1100	65	34
99	39	2
937	65	91
1861	16	19
11	65	111
2491	29	91
23	73	2492
370	65	59
87	8	2038
495	15	51
717	29	76
408	65	241
20	61	58
92	65	242
424	1	672
940	17	939
531	61	266
66	65	651
288	65	67
955	65	142
422	66	2493
156	17	1314
136	41	93
464	65	242
65	65	67
1229	13	165
164	17	1592
829	13	451
23	73	2494
255	65	67
27	65	213
946	65	34
335	65	422
10	65	111
692	72	360
1908	56	23
124	43	157
1155	33	346
2155	65	1541
67	65	197
47	30	2495
245	65	335
116	16	1073
6	58	827
745	1	2496
311	8	2497
637	59	2498
10	65	154
724	36	23
23	73	662
131	30	2499
114	65	195
1481	48	44
1495	65	54
2300	68	187
47	30	2500
146	65	64
468	21	277
76	65	301
174	8	1336
93	34	2343
595	8	2085
47	30	2501
137	73	1104
377	65	1061
91	65	666
37	65	154
1738	17	372
452	32	1234
19	36	2502
315	65	111
264	66	2198
16	65	59
2234	72	1090
118	65	67
47	30	2503
752	13	1006
1049	32	1074
1358	65	146
1176	16	1037
1100	65	54
174	65	54
47	30	1017
16	65	65
1233	27	23
633	65	54
23	16	1658
462	1	2352
242	65	408
487	65	510
389	73	1766
368	68	802
51	40	2504
1828	1	788
780	65	345
719	29	314
1964	27	23
1798	65	54
139	65	27
659	7	364
2214	41	2505
434	58	44
200	16	19
2506	16	116
2198	72	194
1497	29	164
271	65	13
59	65	139
633	65	45
111	65	16
65	65	17
1542	1	179
40	32	275
79	65	154
7	43	2103
827	26	1390
221	65	14
126	8	2507
253	65	548
40	43	2508
171	73	2509
6	55	492
234	65	298
137	73	2510
11	65	102
1482	16	19
822	65	576
880	65	33
1088	17	2
40	43	908
180	1	351
37	65	114
40	43	2511
217	56	23
1150	13	607
449	69	2
93	34	165
512	1	179
65	65	37
154	65	294
75	65	786
47	30	2512
145	65	264
889	65	422
2513	72	1355
266	65	126
65	65	59
131	30	2514
51	40	2515
399	16	19
142	65	401
59	65	371
47	30	2516
153	65	301
40	43	971
260	1	179
2517	72	474
2155	8	2387
394	15	183
20	61	287
175	69	446
1667	16	19
47	30	2518
459	65	17
7	43	1902
281	65	314
45	65	120
146	65	225
256	6	1278
16	65	2519
98	39	2
16	65	549
115	58	44
1707	29	487
17	65	263
104	17	821
791	55	492
1265	10	2520
1701	7	1027
146	65	111
239	58	44
19	36	784
1529	65	13
1070	43	859
424	1	467
637	59	2521
245	65	126
1964	36	23
395	16	394
27	65	230
246	65	216
493	65	633
23	8	421
595	30	2522
371	65	387
44	30	571
343	70	342
234	65	279
1361	13	156
16	65	1671
278	75	23
47	30	292
666	65	35
51	40	487
1090	24	2523
47	30	158
65	40	387
40	43	2524
408	8	2525
19	36	1676
337	11	1979
792	65	271
6	43	162
156	17	961
131	30	2526
165	45	93
2405	72	2527
1100	65	91
10	65	76
1219	1	179
40	43	233
375	65	65
937	66	2528
2457	13	69
67	32	161
2190	7	277
120	65	119
142	65	314
589	66	1697
422	40	551
266	65	776
459	65	146
633	65	666
74	65	26
104	36	2529
2530	29	1006
1058	8	1188
40	43	2531
225	65	314
47	30	2532
267	65	54
79	65	409
2533	29	314
24	65	551
314	65	294
1850	70	298
383	65	314
975	29	184
19	36	992
195	65	79
281	65	955
2469	39	2
7	36	178
92	65	12
1560	10	1823
2297	25	407
1294	7	223
1294	33	346
49	1	1360
40	36	2166
264	65	254
46	65	666
40	43	2014
2534	42	2032
335	65	551
51	40	2535
581	65	111
268	65	1634
174	65	91
398	17	1880
20	61	630
1191	13	1006
37	65	76
314	65	1
91	65	1100
131	30	2536
20	61	11
1117	15	311
788	1	1622
154	8	615
79	66	2537
174	65	242
131	30	2538
1451	13	2
19	36	1538
1948	7	304
93	45	398
23	73	2539
225	66	2540
1428	16	2541
1157	13	2542
40	43	2543
164	8	2544
403	36	2545
403	36	2546
137	73	2547
104	51	2548
137	73	2549
2550	16	19
2330	59	2551
47	30	2552
51	40	2553
137	73	2554
256	24	2555
47	30	2556
19	36	2557
23	73	2558
47	30	2559
47	30	2560
19	36	2561
115	36	2562
2563	13	2026
131	30	2564
2565	54	256
115	36	2566
47	30	2567
51	40	2568
170	8	2569
98	43	2570
2571	53	44
2572	55	492
51	40	2573
47	30	2574
51	40	2575
40	43	2576
468	8	2577
19	36	2578
47	30	2579
47	30	2580
47	30	2581
115	36	2582
256	6	2583
2584	16	19
501	24	2585
137	73	2586
47	30	2587
40	43	2588
137	73	2589
2590	72	591
23	73	2591
47	30	2592
23	73	2593
23	73	2594
47	30	2595
40	43	2596
137	73	2597
51	40	2598
2599	29	207
47	30	2600
19	30	2601
131	30	2602
131	30	2603
93	34	2604
104	36	2605
137	73	2606
47	11	2607
2608	59	1243
47	30	2609
47	30	2610
137	73	2611
131	30	2612
372	7	2613
372	17	2614
357	48	2615
137	73	2616
20	61	2617
137	73	2618
47	30	2619
195	8	2620
40	43	2621
137	73	2622
47	11	2623
1722	29	2624
137	73	2625
1027	17	2626
1425	10	2627
357	48	2628
451	17	2629
20	61	2630
47	30	2631
1	8	2632
183	8	2633
47	30	2634
47	30	2635
2117	31	2636
47	30	2637
137	73	2638
548	16	2639
137	73	2640
1090	8	2641
47	30	2642
2643	16	19
1615	34	2644
40	43	2645
779	56	2646
276	8	2647
2648	6	2070
403	36	2649
40	7	2650
914	66	2651
51	40	2652
115	36	2653
47	30	2654
47	30	2655
47	30	2656
403	36	2657
137	73	2658
171	73	2659
137	73	2660
47	30	2661
23	73	2662
283	8	2663
137	73	2664
47	30	2665
19	30	2666
2667	43	98
47	30	2668
23	73	2669
40	43	2670
47	30	2671
47	30	2672
180	1	2673
47	30	2674
985	7	2675
116	16	2676
403	36	2677
19	36	2678
137	73	2679
93	34	2680
19	36	2681
353	16	2682
288	36	2683
337	30	2684
131	30	2685
51	40	2686
115	36	2687
357	48	2688
137	73	2689
47	30	2690
2691	42	2032
40	43	2692
137	73	2693
20	61	2694
137	73	2695
23	73	2696
645	59	2697
104	36	2698
137	73	2699
51	40	2700
1	66	2701
372	17	2702
1723	8	2703
180	1	2704
47	30	2705
40	43	2706
51	40	2707
595	30	2708
2709	72	249
256	7	2710
47	30	2711
47	30	2712
422	8	2713
2714	27	83
687	15	2715
137	73	2716
115	21	2717
115	36	2718
51	40	2719
30	8	2720
137	73	2721
408	8	2722
40	43	2723
357	30	2724
19	36	2725
51	40	2726
398	17	2727
47	30	2728
165	8	2729
47	30	2730
19	36	2731
47	30	2732
51	40	2733
19	36	2734
2096	41	2735
54	8	2736
357	48	2737
47	30	2738
1245	30	2739
357	48	2740
47	30	2741
131	30	2742
1883	66	2743
1238	30	2744
20	61	2745
104	63	170
47	30	2746
946	66	2747
768	1	2748
115	36	2749
372	17	2750
280	8	2751
40	43	2752
337	11	2753
19	36	2754
19	36	2755
115	21	2756
59	65	2757
40	43	2758
19	36	2759
47	30	2760
47	30	2761
403	36	2762
20	61	2763
51	40	2764
357	48	2765
47	30	2766
47	30	2767
280	8	2768
40	43	2769
1763	6	2770
357	48	2771
47	30	2772
47	30	2773
19	36	2774
137	73	2775
260	6	2776
666	8	2777
716	16	2778
47	30	2779
131	30	2780
47	30	2781
131	30	2782
137	73	2783
40	43	2784
19	36	2785
137	73	2786
19	36	2787
47	30	2788
494	73	2789
40	43	2790
146	8	2791
1460	8	2792
137	73	2793
47	30	2794
